62, -47, 60.751
61.961, -47, 60.72
61.922, -47, 60.689
61.883, -47, 60.657
61.844, -47, 60.626
61.805, -47, 60.594
61.766, -47, 60.562
61.727, -47, 60.531
61.688, -47, 60.499
61.649, -47, 60.468
61.61, -47, 60.436
61.571, -47, 60.404
61.532, -47, 60.373
61.493, -47, 60.341
61.454, -47, 60.309
61.415, -47, 60.278
61.376, -47, 60.246
61.337, -47, 60.214
61.298, -47, 60.183
61.259, -47, 60.151
61.22, -47, 60.119
61.181, -47, 60.087
61.142, -47, 60.055
61.103, -47, 60.024
61.064, -47, 59.992
61.025, -47, 59.96
60.986, -47, 59.928
60.947, -47, 59.896
60.908, -47, 59.864
60.869, -47, 59.832
60.83, -47, 59.8
60.791, -47, 59.768
60.752, -47, 59.736
60.713, -47, 59.704
60.674, -47, 59.672
60.635, -47, 59.64
60.596, -47, 59.608
60.557, -47, 59.576
60.518, -47, 59.544
60.479, -47, 59.512
60.44, -47, 59.48
60.401, -47, 59.448
60.362, -47, 59.416
60.323, -47, 59.383
60.284, -47, 59.351
60.245, -47, 59.319
60.206, -47, 59.287
60.167, -47, 59.255
60.128, -47, 59.222
60.089, -47, 59.19
60.05, -47, 59.158
60.011, -47, 59.125
59.972, -47, 59.093
59.933, -47, 59.061
59.894, -47, 59.028
59.855, -47, 58.996
59.816, -47, 58.964
59.777, -47, 58.931
59.738, -47, 58.899
59.699, -47, 58.866
59.66, -47, 58.834
59.621, -47, 58.801
59.582, -47, 58.769
59.543, -47, 58.736
59.504, -47, 58.704
59.465, -47, 58.671
59.426, -47, 58.639
59.387, -47, 58.606
59.348, -47, 58.573
59.309, -47, 58.541
59.27, -47, 58.508
59.231, -47, 58.475
59.192, -47, 58.443
59.153, -47, 58.41
59.114, -47, 58.377
59.075, -47, 58.345
59.036, -47, 58.312
58.997, -47, 58.279
58.958, -47, 58.246
58.919, -47, 58.213
58.88, -47, 58.181
58.841, -47, 58.148
58.802, -47, 58.115
58.763, -47, 58.082
58.724, -47, 58.049
58.685, -47, 58.016
58.646, -47, 57.983
58.607, -47, 57.95
58.568, -47, 57.917
58.529, -47, 57.884
58.49, -47, 57.851
58.451, -47, 57.818
58.412, -47, 57.785
58.373, -47, 57.752
58.334, -47, 57.719
58.295, -47, 57.686
58.256, -47, 57.653
58.217, -47, 57.62
58.178, -47, 57.586
58.139, -47, 57.553
58.1, -47, 57.52
58.061, -47, 57.487
58.022, -47, 57.453
57.983, -47, 57.42
57.944, -47, 57.387
57.905, -47, 57.354
57.866, -47, 57.32
57.827, -47, 57.287
57.788, -47, 57.254
57.749, -47, 57.22
57.71, -47, 57.187
57.671, -47, 57.153
57.632, -47, 57.12
57.593, -47, 57.086
57.554, -47, 57.053
57.515, -47, 57.019
57.476, -47, 56.986
57.437, -47, 56.952
57.398, -47, 56.919
57.359, -47, 56.885
57.32, -47, 56.852
57.281, -47, 56.818
57.242, -47, 56.784
57.203, -47, 56.751
57.164, -47, 56.717
57.125, -47, 56.683
57.086, -47, 56.65
57.047, -47, 56.616
57.008, -47, 56.582
56.969, -47, 56.548
56.93, -47, 56.514
56.891, -47, 56.481
56.852, -47, 56.447
56.813, -47, 56.413
56.774, -47, 56.379
56.735, -47, 56.345
56.696, -47, 56.311
56.657, -47, 56.277
56.618, -47, 56.243
56.579, -47, 56.209
56.54, -47, 56.175
56.501, -47, 56.141
56.462, -47, 56.107
56.423, -47, 56.073
56.384, -47, 56.039
56.345, -47, 56.005
56.306, -47, 55.971
56.267, -47, 55.937
56.228, -47, 55.902
56.189, -47, 55.868
56.15, -47, 55.834
56.111, -47, 55.8
56.072, -47, 55.766
56.033, -47, 55.731
55.994, -47, 55.697
55.955, -47, 55.663
55.916, -47, 55.628
55.877, -47, 55.594
55.838, -47, 55.56
55.799, -47, 55.525
55.76, -47, 55.491
55.721, -47, 55.456
55.682, -47, 55.422
55.643, -47, 55.387
55.604, -47, 55.353
55.565, -47, 55.318
55.526, -47, 55.284
55.487, -47, 55.249
55.448, -47, 55.215
55.409, -47, 55.18
55.37, -47, 55.145
55.331, -47, 55.111
55.292, -47, 55.076
55.253, -47, 55.041
55.214, -47, 55.006
55.175, -47, 54.972
55.136, -47, 54.937
55.097, -47, 54.902
55.058, -47, 54.867
55.019, -47, 54.833
54.98, -47, 54.798
54.941, -47, 54.763
54.902, -47, 54.728
54.863, -47, 54.693
54.824, -47, 54.658
54.785, -47, 54.623
54.746, -47, 54.588
54.707, -47, 54.553
54.668, -47, 54.518
54.629, -47, 54.483
54.59, -47, 54.448
54.551, -47, 54.413
54.512, -47, 54.378
54.473, -47, 54.342
54.434, -47, 54.307
54.395, -47, 54.272
54.356, -47, 54.237
54.317, -47, 54.202
54.278, -47, 54.166
54.239, -47, 54.131
54.2, -47, 54.096
54.161, -47, 54.06
54.122, -47, 54.025
54.083, -47, 53.99
54.044, -47, 53.954
54.005, -47, 53.919
53.966, -47, 53.883
53.927, -47, 53.848
53.888, -47, 53.812
53.849, -47, 53.777
53.81, -47, 53.741
53.771, -47, 53.706
53.732, -47, 53.67
53.693, -47, 53.634
53.654, -47, 53.599
53.615, -47, 53.563
53.576, -47, 53.527
53.537, -47, 53.492
53.498, -47, 53.456
53.459, -47, 53.42
53.42, -47, 53.384
53.381, -47, 53.349
53.342, -47, 53.313
53.303, -47, 53.277
53.264, -47, 53.241
53.225, -47, 53.205
53.186, -47, 53.169
53.147, -47, 53.133
53.108, -47, 53.097
53.069, -47, 53.061
53.03, -47, 53.025
52.991, -47, 52.989
52.952, -47, 52.953
52.913, -47, 52.917
52.874, -47, 52.881
52.835, -47, 52.845
52.796, -47, 52.809
52.757, -47, 52.772
52.718, -47, 52.736
52.679, -47, 52.7
52.64, -47, 52.664
52.601, -47, 52.627
52.562, -47, 52.591
52.523, -47, 52.555
52.484, -47, 52.518
52.445, -47, 52.482
52.406, -47, 52.445
52.367, -47, 52.409
52.328, -47, 52.373
52.289, -47, 52.336
52.25, -47, 52.3
52.211, -47, 52.263
52.172, -47, 52.226
52.133, -47, 52.19
52.094, -47, 52.153
52.055, -47, 52.117
52.016, -47, 52.08
51.977, -47, 52.043
51.938, -47, 52.006
51.899, -47, 51.97
51.86, -47, 51.933
51.821, -47, 51.896
51.782, -47, 51.859
51.743, -47, 51.822
51.704, -47, 51.785
51.665, -47, 51.749
51.626, -47, 51.712
51.587, -47, 51.675
51.548, -47, 51.638
51.509, -47, 51.601
51.47, -47, 51.564
51.431, -47, 51.526
51.392, -47, 51.489
51.353, -47, 51.452
51.314, -47, 51.415
51.275, -47, 51.378
51.236, -47, 51.341
51.197, -47, 51.303
51.158, -47, 51.266
51.119, -47, 51.229
51.08, -47, 51.192
51.041, -47, 51.154
51.002, -47, 51.117
50.963, -47, 51.08
50.924, -47, 51.042
50.885, -47, 51.005
50.846, -47, 50.967
50.807, -47, 50.93
50.768, -47, 50.892
50.729, -47, 50.855
50.69, -47, 50.817
50.651, -47, 50.779
50.612, -47, 50.742
50.573, -47, 50.704
50.534, -47, 50.666
50.495, -47, 50.629
50.456, -47, 50.591
50.417, -47, 50.553
50.378, -47, 50.515
50.339, -47, 50.477
50.3, -47, 50.439
50.261, -47, 50.402
50.222, -47, 50.364
50.183, -47, 50.326
50.144, -47, 50.288
50.105, -47, 50.25
50.066, -47, 50.212
50.027, -47, 50.174
49.988, -47, 50.135
49.949, -47, 50.097
49.91, -47, 50.059
49.871, -47, 50.021
49.832, -47, 49.983
49.793, -47, 49.945
49.754, -47, 49.906
49.715, -47, 49.868
49.676, -47, 49.83
49.637, -47, 49.791
49.598, -47, 49.753
49.559, -47, 49.714
49.52, -47, 49.676
49.481, -47, 49.637
49.442, -47, 49.599
49.403, -47, 49.56
49.364, -47, 49.522
49.325, -47, 49.483
49.286, -47, 49.445
49.247, -47, 49.406
49.208, -47, 49.367
49.169, -47, 49.329
49.13, -47, 49.29
49.091, -47, 49.251
49.052, -47, 49.212
49.013, -47, 49.173
48.974, -47, 49.134
48.935, -47, 49.096
48.896, -47, 49.057
48.857, -47, 49.018
48.818, -47, 48.979
48.779, -47, 48.94
48.74, -47, 48.901
48.701, -47, 48.861
48.662, -47, 48.822
48.623, -47, 48.783
48.584, -47, 48.744
48.545, -47, 48.705
48.506, -47, 48.665
48.467, -47, 48.626
48.428, -47, 48.587
48.389, -47, 48.548
48.35, -47, 48.508
48.311, -47, 48.469
48.272, -47, 48.429
48.233, -47, 48.39
48.194, -47, 48.35
48.155, -47, 48.311
48.116, -47, 48.271
48.077, -47, 48.232
48.038, -47, 48.192
47.999, -47, 48.152
47.96, -47, 48.113
47.921, -47, 48.073
47.882, -47, 48.033
47.843, -47, 47.993
47.804, -47, 47.953
47.765, -47, 47.914
47.726, -47, 47.874
47.687, -47, 47.834
47.648, -47, 47.794
47.609, -47, 47.754
47.57, -47, 47.714
47.531, -47, 47.674
47.492, -47, 47.634
47.453, -47, 47.593
47.414, -47, 47.553
47.375, -47, 47.513
47.336, -47, 47.473
47.297, -47, 47.433
47.258, -47, 47.392
47.219, -47, 47.352
47.18, -47, 47.312
47.141, -47, 47.271
47.102, -47, 47.231
47.063, -47, 47.19
47.024, -47, 47.15
46.985, -47, 47.109
46.946, -47, 47.069
46.907, -47, 47.028
46.868, -47, 46.987
46.829, -47, 46.947
46.79, -47, 46.906
46.751, -47, 46.865
46.712, -47, 46.824
46.673, -47, 46.784
46.634, -47, 46.743
46.595, -47, 46.702
46.556, -47, 46.661
46.517, -47, 46.62
46.478, -47, 46.579
46.439, -47, 46.538
46.4, -47, 46.497
46.361, -47, 46.456
46.322, -47, 46.414
46.283, -47, 46.373
46.244, -47, 46.332
46.205, -47, 46.291
46.166, -47, 46.249
46.127, -47, 46.208
46.088, -47, 46.167
46.049, -47, 46.125
46.01, -47, 46.084
45.971, -47, 46.042
45.932, -47, 46.001
45.893, -47, 45.959
45.854, -47, 45.918
45.815, -47, 45.876
45.776, -47, 45.834
45.737, -47, 45.793
45.698, -47, 45.751
45.659, -47, 45.709
45.62, -47, 45.667
45.581, -47, 45.625
45.542, -47, 45.584
45.503, -47, 45.542
45.464, -47, 45.5
45.425, -47, 45.458
45.386, -47, 45.416
45.347, -47, 45.373
45.308, -47, 45.331
45.269, -47, 45.289
45.23, -47, 45.247
45.191, -47, 45.205
45.152, -47, 45.162
45.113, -47, 45.12
45.074, -47, 45.078
45.035, -47, 45.035
44.996, -47, 44.993
44.957, -47, 44.95
44.918, -47, 44.908
44.879, -47, 44.865
44.84, -47, 44.823
44.801, -47, 44.78
44.762, -47, 44.737
44.723, -47, 44.694
44.684, -47, 44.652
44.645, -47, 44.609
44.606, -47, 44.566
44.567, -47, 44.523
44.528, -47, 44.48
44.489, -47, 44.437
44.45, -47, 44.394
44.411, -47, 44.351
44.372, -47, 44.308
44.333, -47, 44.265
44.294, -47, 44.222
44.255, -47, 44.178
44.216, -47, 44.135
44.177, -47, 44.092
44.138, -47, 44.048
44.099, -47, 44.005
44.06, -47, 43.962
44.021, -47, 43.918
43.982, -47, 43.875
43.943, -47, 43.831
43.904, -47, 43.787
43.865, -47, 43.744
43.826, -47, 43.7
43.787, -47, 43.656
43.748, -47, 43.612
43.709, -47, 43.569
43.67, -47, 43.525
43.631, -47, 43.481
43.592, -47, 43.437
43.553, -47, 43.393
43.514, -47, 43.349
43.475, -47, 43.305
43.436, -47, 43.26
43.397, -47, 43.216
43.358, -47, 43.172
43.319, -47, 43.128
43.28, -47, 43.083
43.241, -47, 43.039
43.202, -47, 42.995
43.163, -47, 42.95
43.124, -47, 42.906
43.085, -47, 42.861
43.046, -47, 42.816
43.007, -47, 42.772
42.968, -47, 42.727
42.929, -47, 42.682
42.89, -47, 42.638
42.851, -47, 42.593
42.812, -47, 42.548
42.773, -47, 42.503
42.734, -47, 42.458
42.695, -47, 42.413
42.656, -47, 42.368
42.617, -47, 42.323
42.578, -47, 42.277
42.539, -47, 42.232
42.5, -47, 42.187
42.461, -47, 42.142
42.422, -47, 42.096
42.383, -47, 42.051
42.344, -47, 42.005
42.305, -47, 41.96
42.266, -47, 41.914
42.227, -47, 41.869
42.188, -47, 41.823
42.149, -47, 41.777
42.11, -47, 41.732
42.071, -47, 41.686
42.032, -47, 41.64
41.993, -47, 41.594
41.954, -47, 41.548
41.915, -47, 41.502
41.876, -47, 41.456
41.837, -47, 41.41
41.798, -47, 41.364
41.759, -47, 41.317
41.72, -47, 41.271
41.681, -47, 41.225
41.642, -47, 41.178
41.603, -47, 41.132
41.564, -47, 41.085
41.525, -47, 41.039
41.486, -47, 40.992
41.447, -47, 40.946
41.408, -47, 40.899
41.369, -47, 40.852
41.33, -47, 40.805
41.291, -47, 40.759
41.252, -47, 40.712
41.213, -47, 40.665
41.174, -47, 40.618
41.135, -47, 40.571
41.096, -47, 40.523
41.057, -47, 40.476
41.018, -47, 40.429
40.979, -47, 40.382
40.94, -47, 40.334
40.901, -47, 40.287
40.862, -47, 40.24
40.823, -47, 40.192
40.784, -47, 40.144
40.745, -47, 40.097
40.706, -47, 40.049
40.667, -47, 40.001
40.628, -47, 39.954
40.589, -47, 39.906
40.55, -47, 39.858
40.511, -47, 39.81
40.472, -47, 39.762
40.433, -47, 39.714
40.394, -47, 39.666
40.355, -47, 39.617
40.316, -47, 39.569
40.277, -47, 39.521
40.238, -47, 39.472
40.199, -47, 39.424
40.16, -47, 39.375
40.121, -47, 39.327
40.082, -47, 39.278
40.043, -47, 39.23
40.004, -47, 39.181
39.965, -47, 39.132
39.926, -47, 39.083
39.887, -47, 39.034
39.848, -47, 38.985
39.809, -47, 38.936
39.77, -47, 38.887
39.731, -47, 38.838
39.692, -47, 38.789
39.653, -47, 38.739
39.614, -47, 38.69
39.575, -47, 38.641
39.536, -47, 38.591
39.497, -47, 38.542
39.458, -47, 38.492
39.419, -47, 38.442
39.38, -47, 38.392
39.341, -47, 38.343
39.302, -47, 38.293
39.263, -47, 38.243
39.224, -47, 38.193
39.185, -47, 38.143
39.146, -47, 38.093
39.107, -47, 38.042
39.068, -47, 37.992
39.029, -47, 37.942
38.99, -47, 37.891
38.951, -47, 37.841
38.912, -47, 37.79
38.873, -47, 37.74
38.834, -47, 37.689
38.795, -47, 37.638
38.756, -47, 37.588
38.717, -47, 37.537
38.678, -47, 37.486
38.639, -47, 37.435
38.6, -47, 37.384
38.561, -47, 37.333
38.522, -47, 37.281
38.483, -47, 37.23
38.444, -47, 37.179
38.405, -47, 37.127
38.366, -47, 37.076
38.327, -47, 37.024
38.288, -47, 36.973
38.249, -47, 36.921
38.21, -47, 36.869
38.171, -47, 36.817
38.132, -47, 36.765
38.093, -47, 36.713
38.054, -47, 36.661
38.015, -47, 36.609
37.976, -47, 36.557
37.937, -47, 36.504
37.898, -47, 36.452
37.859, -47, 36.4
37.82, -47, 36.347
37.781, -47, 36.294
37.742, -47, 36.242
37.703, -47, 36.189
37.664, -47, 36.136
37.625, -47, 36.083
37.586, -47, 36.03
37.547, -47, 35.977
37.508, -47, 35.924
37.469, -47, 35.871
37.43, -47, 35.817
37.391, -47, 35.764
37.352, -47, 35.71
37.313, -47, 35.657
37.274, -47, 35.603
37.235, -47, 35.55
37.196, -47, 35.496
37.157, -47, 35.442
37.118, -47, 35.388
37.079, -47, 35.334
37.04, -47, 35.28
37.001, -47, 35.226
36.962, -47, 35.171
36.923, -47, 35.117
36.884, -47, 35.062
36.845, -47, 35.008
36.806, -47, 34.953
36.767, -47, 34.899
36.728, -47, 34.844
36.689, -47, 34.789
36.65, -47, 34.734
36.611, -47, 34.679
36.572, -47, 34.624
36.533, -47, 34.568
36.494, -47, 34.513
36.455, -47, 34.458
36.416, -47, 34.402
36.377, -47, 34.347
36.338, -47, 34.291
36.299, -47, 34.235
36.26, -47, 34.179
36.221, -47, 34.123
36.182, -47, 34.067
36.143, -47, 34.011
36.104, -47, 33.955
36.065, -47, 33.899
36.026, -47, 33.842
35.987, -47, 33.786
35.948, -47, 33.729
35.909, -47, 33.672
35.87, -47, 33.616
35.831, -47, 33.559
35.792, -47, 33.502
35.753, -47, 33.445
35.714, -47, 33.387
35.675, -47, 33.33
35.636, -47, 33.273
35.597, -47, 33.215
35.558, -47, 33.158
35.519, -47, 33.1
35.48, -47, 33.042
35.441, -47, 32.984
35.402, -47, 32.926
35.363, -47, 32.868
35.324, -47, 32.81
35.285, -47, 32.752
35.246, -47, 32.693
35.207, -47, 32.635
35.168, -47, 32.576
35.129, -47, 32.517
35.09, -47, 32.459
35.051, -47, 32.4
35.012, -47, 32.341
34.973, -47, 32.282
34.934, -47, 32.222
34.895, -47, 32.163
34.856, -47, 32.103
34.817, -47, 32.044
34.778, -47, 31.984
34.739, -47, 31.924
34.7, -47, 31.864
34.661, -47, 31.804
34.622, -47, 31.744
34.583, -47, 31.684
34.544, -47, 31.624
34.505, -47, 31.563
34.466, -47, 31.503
34.427, -47, 31.442
34.388, -47, 31.381
34.349, -47, 31.32
34.31, -47, 31.259
34.271, -47, 31.198
34.232, -47, 31.136
34.193, -47, 31.075
34.154, -47, 31.013
34.115, -47, 30.952
34.076, -47, 30.89
34.037, -47, 30.828
33.998, -47, 30.766
33.959, -47, 30.704
33.92, -47, 30.642
33.881, -47, 30.579
33.842, -47, 30.517
33.803, -47, 30.454
33.764, -47, 30.391
33.725, -47, 30.328
33.686, -47, 30.265
33.647, -47, 30.202
33.608, -47, 30.138
33.569, -47, 30.075
33.53, -47, 30.011
33.491, -47, 29.948
33.452, -47, 29.884
33.413, -47, 29.82
33.374, -47, 29.756
33.335, -47, 29.691
33.296, -47, 29.627
33.257, -47, 29.562
33.218, -47, 29.498
33.179, -47, 29.433
33.14, -47, 29.368
33.101, -47, 29.303
33.062, -47, 29.237
33.023, -47, 29.172
32.984, -47, 29.106
32.945, -47, 29.041
32.906, -47, 28.975
32.867, -47, 28.909
32.828, -47, 28.842
32.789, -47, 28.776
32.75, -47, 28.71
32.711, -47, 28.643
32.672, -47, 28.576
32.633, -47, 28.509
32.594, -47, 28.442
32.555, -47, 28.375
32.516, -47, 28.307
32.477, -47, 28.24
32.438, -47, 28.172
32.399, -47, 28.104
32.36, -47, 28.036
32.321, -47, 27.968
32.282, -47, 27.899
32.243, -47, 27.831
32.204, -47, 27.762
32.165, -47, 27.693
32.126, -47, 27.624
32.087, -47, 27.555
32.048, -47, 27.485
32.009, -47, 27.416
31.97, -47, 27.346
31.931, -47, 27.276
31.892, -47, 27.206
31.853, -47, 27.136
31.814, -47, 27.065
31.775, -47, 26.994
31.736, -47, 26.923
31.697, -47, 26.852
31.658, -47, 26.781
31.619, -47, 26.71
31.58, -47, 26.638
31.541, -47, 26.566
31.502, -47, 26.494
31.463, -47, 26.422
31.424, -47, 26.349
31.385, -47, 26.277
31.346, -47, 26.204
31.307, -47, 26.131
31.268, -47, 26.058
31.229, -47, 25.984
31.19, -47, 25.911
31.151, -47, 25.837
31.112, -47, 25.763
31.073, -47, 25.688
31.034, -47, 25.614
30.995, -47, 25.539
30.956, -47, 25.464
30.917, -47, 25.389
30.878, -47, 25.314
30.839, -47, 25.238
30.8, -47, 25.162
30.761, -47, 25.086
30.722, -47, 25.01
30.683, -47, 24.933
30.644, -47, 24.857
30.605, -47, 24.78
30.566, -47, 24.702
30.527, -47, 24.625
30.488, -47, 24.547
30.449, -47, 24.469
30.41, -47, 24.391
30.371, -47, 24.313
30.332, -47, 24.234
30.293, -47, 24.155
30.254, -47, 24.076
30.215, -47, 23.996
30.176, -47, 23.916
30.137, -47, 23.836
30.098, -47, 23.756
30.059, -47, 23.675
30.02, -47, 23.595
29.981, -47, 23.513
29.942, -47, 23.432
29.903, -47, 23.35
29.864, -47, 23.268
29.825, -47, 23.186
29.786, -47, 23.103
29.747, -47, 23.021
29.708, -47, 22.937
29.669, -47, 22.854
29.63, -47, 22.77
29.591, -47, 22.686
29.552, -47, 22.602
29.513, -47, 22.517
29.474, -47, 22.432
29.435, -47, 22.347
29.396, -47, 22.261
29.357, -47, 22.175
29.318, -47, 22.089
29.279, -47, 22.002
29.24, -47, 21.915
29.201, -47, 21.828
29.162, -47, 21.74
29.123, -47, 21.652
29.084, -47, 21.563
29.045, -47, 21.474
29.006, -47, 21.385
28.967, -47, 21.296
28.928, -47, 21.206
28.889, -47, 21.115
28.85, -47, 21.025
28.811, -47, 20.934
28.772, -47, 20.842
28.733, -47, 20.75
28.694, -47, 20.658
28.655, -47, 20.565
28.616, -47, 20.472
28.577, -47, 20.379
28.538, -47, 20.285
28.499, -47, 20.19
28.46, -47, 20.095
28.421, -47, 20
28.367, -47, 0
28.367, -47, 0
8.367, -47, 0
endData
49
127
200
62, -47, 45.184, -47, 45.184, -47, 28.367, -47
#PATH.JERRYIO-DATA {"appVersion":"0.8.3","format":"LemLib v0.5","gc":{"robotWidth":18,"robotHeight":16,"robotIsHolonomic":false,"showRobot":true,"uol":2.54,"pointDensity":0.039,"controlMagnetDistance":1.968503937007874,"fieldImage":{"displayName":"V5RC 2025 - High Stakes","signature":"V5RC 2025 - High Stakes","origin":{"__type":"built-in"}},"coordinateSystem":"VEX Gaming Positioning System"},"paths":[{"segments":[{"controls":[{"uid":"GLT24OPLWJ","x":62,"y":-47,"lock":false,"visible":true,"heading":0,"__type":"end-point"},{"uid":"2NowA1M6Ak","x":28.367023834117322,"y":-47,"lock":false,"visible":true,"heading":0,"__type":"end-point"}],"speedProfiles":[],"lookaheadKeyframes":[],"uid":"7ioqHePyWt"}],"pc":{"speedLimit":{"minLimit":{"value":0,"label":"0"},"maxLimit":{"value":127,"label":"127"},"step":1,"from":20,"to":127},"bentRateApplicableRange":{"minLimit":{"value":0,"label":"0"},"maxLimit":{"value":1,"label":"1"},"step":0.001,"from":0,"to":0.1},"maxDecelerationRate":49},"name":"Path","uid":"ghVQArn4mM","lock":false,"visible":true}]}