-62, -47, 96.502
-61.961, -47, 96.482
-61.922, -47, 96.462
-61.883, -47, 96.442
-61.844, -47, 96.423
-61.805, -47, 96.403
-61.766, -47, 96.383
-61.727, -47, 96.363
-61.688, -47, 96.343
-61.649, -47, 96.323
-61.61, -47, 96.304
-61.571, -47, 96.284
-61.532, -47, 96.264
-61.493, -47, 96.244
-61.454, -47, 96.224
-61.415, -47, 96.204
-61.376, -47, 96.184
-61.337, -47, 96.165
-61.298, -47, 96.145
-61.259, -47, 96.125
-61.22, -47, 96.105
-61.181, -47, 96.085
-61.142, -47, 96.065
-61.103, -47, 96.045
-61.064, -47, 96.025
-61.025, -47, 96.005
-60.986, -47, 95.986
-60.947, -47, 95.966
-60.908, -47, 95.946
-60.869, -47, 95.926
-60.83, -47, 95.906
-60.791, -47, 95.886
-60.752, -47, 95.866
-60.713, -47, 95.846
-60.674, -47, 95.826
-60.635, -47, 95.806
-60.596, -47, 95.786
-60.557, -47, 95.766
-60.518, -47, 95.746
-60.479, -47, 95.726
-60.44, -47, 95.706
-60.401, -47, 95.686
-60.362, -47, 95.666
-60.323, -47, 95.646
-60.284, -47, 95.626
-60.245, -47, 95.607
-60.206, -47, 95.587
-60.167, -47, 95.567
-60.128, -47, 95.547
-60.089, -47, 95.527
-60.05, -47, 95.507
-60.011, -47, 95.486
-59.972, -47, 95.466
-59.933, -47, 95.446
-59.894, -47, 95.426
-59.855, -47, 95.406
-59.816, -47, 95.386
-59.777, -47, 95.366
-59.738, -47, 95.346
-59.699, -47, 95.326
-59.66, -47, 95.306
-59.621, -47, 95.286
-59.582, -47, 95.266
-59.543, -47, 95.246
-59.504, -47, 95.226
-59.465, -47, 95.206
-59.426, -47, 95.186
-59.387, -47, 95.166
-59.348, -47, 95.146
-59.309, -47, 95.126
-59.27, -47, 95.105
-59.231, -47, 95.085
-59.192, -47, 95.065
-59.153, -47, 95.045
-59.114, -47, 95.025
-59.075, -47, 95.005
-59.036, -47, 94.985
-58.997, -47, 94.965
-58.958, -47, 94.945
-58.919, -47, 94.924
-58.88, -47, 94.904
-58.841, -47, 94.884
-58.802, -47, 94.864
-58.763, -47, 94.844
-58.724, -47, 94.824
-58.685, -47, 94.804
-58.646, -47, 94.783
-58.607, -47, 94.763
-58.568, -47, 94.743
-58.529, -47, 94.723
-58.49, -47, 94.703
-58.451, -47, 94.683
-58.412, -47, 94.662
-58.373, -47, 94.642
-58.334, -47, 94.622
-58.295, -47, 94.602
-58.256, -47, 94.582
-58.217, -47, 94.561
-58.178, -47, 94.541
-58.139, -47, 94.521
-58.1, -47, 94.501
-58.061, -47, 94.481
-58.022, -47, 94.46
-57.983, -47, 94.44
-57.944, -47, 94.42
-57.905, -47, 94.4
-57.866, -47, 94.379
-57.827, -47, 94.359
-57.788, -47, 94.339
-57.749, -47, 94.319
-57.71, -47, 94.298
-57.671, -47, 94.278
-57.632, -47, 94.258
-57.593, -47, 94.238
-57.554, -47, 94.217
-57.515, -47, 94.197
-57.476, -47, 94.177
-57.437, -47, 94.156
-57.398, -47, 94.136
-57.359, -47, 94.116
-57.32, -47, 94.095
-57.281, -47, 94.075
-57.242, -47, 94.055
-57.203, -47, 94.034
-57.164, -47, 94.014
-57.125, -47, 93.994
-57.086, -47, 93.974
-57.047, -47, 93.953
-57.008, -47, 93.933
-56.969, -47, 93.912
-56.93, -47, 93.892
-56.891, -47, 93.872
-56.852, -47, 93.851
-56.813, -47, 93.831
-56.774, -47, 93.811
-56.735, -47, 93.79
-56.696, -47, 93.77
-56.657, -47, 93.75
-56.618, -47, 93.729
-56.579, -47, 93.709
-56.54, -47, 93.688
-56.501, -47, 93.668
-56.462, -47, 93.648
-56.423, -47, 93.627
-56.384, -47, 93.607
-56.345, -47, 93.586
-56.306, -47, 93.566
-56.267, -47, 93.545
-56.228, -47, 93.525
-56.189, -47, 93.505
-56.15, -47, 93.484
-56.111, -47, 93.464
-56.072, -47, 93.443
-56.033, -47, 93.423
-55.994, -47, 93.402
-55.955, -47, 93.382
-55.916, -47, 93.361
-55.877, -47, 93.341
-55.838, -47, 93.321
-55.799, -47, 93.3
-55.76, -47, 93.28
-55.721, -47, 93.259
-55.682, -47, 93.239
-55.643, -47, 93.218
-55.604, -47, 93.198
-55.565, -47, 93.177
-55.526, -47, 93.157
-55.487, -47, 93.136
-55.448, -47, 93.116
-55.409, -47, 93.095
-55.37, -47, 93.074
-55.331, -47, 93.054
-55.292, -47, 93.033
-55.253, -47, 93.013
-55.214, -47, 92.992
-55.175, -47, 92.972
-55.136, -47, 92.951
-55.097, -47, 92.931
-55.058, -47, 92.91
-55.019, -47, 92.889
-54.98, -47, 92.869
-54.941, -47, 92.848
-54.902, -47, 92.828
-54.863, -47, 92.807
-54.824, -47, 92.787
-54.785, -47, 92.766
-54.746, -47, 92.745
-54.707, -47, 92.725
-54.668, -47, 92.704
-54.629, -47, 92.684
-54.59, -47, 92.663
-54.551, -47, 92.642
-54.512, -47, 92.622
-54.473, -47, 92.601
-54.434, -47, 92.58
-54.395, -47, 92.56
-54.356, -47, 92.539
-54.317, -47, 92.518
-54.278, -47, 92.498
-54.239, -47, 92.477
-54.2, -47, 92.456
-54.161, -47, 92.436
-54.122, -47, 92.415
-54.083, -47, 92.394
-54.044, -47, 92.374
-54.005, -47, 92.353
-53.966, -47, 92.332
-53.927, -47, 92.312
-53.888, -47, 92.291
-53.849, -47, 92.27
-53.81, -47, 92.25
-53.771, -47, 92.229
-53.732, -47, 92.208
-53.693, -47, 92.187
-53.654, -47, 92.167
-53.615, -47, 92.146
-53.576, -47, 92.125
-53.537, -47, 92.104
-53.498, -47, 92.084
-53.459, -47, 92.063
-53.42, -47, 92.042
-53.381, -47, 92.021
-53.342, -47, 92.001
-53.303, -47, 91.98
-53.264, -47, 91.959
-53.225, -47, 91.938
-53.186, -47, 91.917
-53.147, -47, 91.897
-53.108, -47, 91.876
-53.069, -47, 91.855
-53.03, -47, 91.834
-52.991, -47, 91.813
-52.952, -47, 91.793
-52.913, -47, 91.772
-52.874, -47, 91.751
-52.835, -47, 91.73
-52.796, -47, 91.709
-52.757, -47, 91.688
-52.718, -47, 91.668
-52.679, -47, 91.647
-52.64, -47, 91.626
-52.601, -47, 91.605
-52.562, -47, 91.584
-52.523, -47, 91.563
-52.484, -47, 91.542
-52.445, -47, 91.522
-52.406, -47, 91.501
-52.367, -47, 91.48
-52.328, -47, 91.459
-52.289, -47, 91.438
-52.25, -47, 91.417
-52.211, -47, 91.396
-52.172, -47, 91.375
-52.133, -47, 91.354
-52.094, -47, 91.333
-52.055, -47, 91.313
-52.016, -47, 91.292
-51.977, -47, 91.271
-51.938, -47, 91.25
-51.899, -47, 91.229
-51.86, -47, 91.208
-51.821, -47, 91.187
-51.782, -47, 91.166
-51.743, -47, 91.145
-51.704, -47, 91.124
-51.665, -47, 91.103
-51.626, -47, 91.082
-51.587, -47, 91.061
-51.548, -47, 91.04
-51.509, -47, 91.019
-51.47, -47, 90.998
-51.431, -47, 90.977
-51.392, -47, 90.956
-51.353, -47, 90.935
-51.314, -47, 90.914
-51.275, -47, 90.893
-51.236, -47, 90.872
-51.197, -47, 90.851
-51.158, -47, 90.83
-51.119, -47, 90.809
-51.08, -47, 90.788
-51.041, -47, 90.767
-51.002, -47, 90.746
-50.963, -47, 90.725
-50.924, -47, 90.704
-50.885, -47, 90.683
-50.846, -47, 90.661
-50.807, -47, 90.64
-50.768, -47, 90.619
-50.729, -47, 90.598
-50.69, -47, 90.577
-50.651, -47, 90.556
-50.612, -47, 90.535
-50.573, -47, 90.514
-50.534, -47, 90.493
-50.495, -47, 90.472
-50.456, -47, 90.45
-50.417, -47, 90.429
-50.378, -47, 90.408
-50.339, -47, 90.387
-50.3, -47, 90.366
-50.261, -47, 90.345
-50.222, -47, 90.324
-50.183, -47, 90.302
-50.144, -47, 90.281
-50.105, -47, 90.26
-50.066, -47, 90.239
-50.027, -47, 90.218
-49.988, -47, 90.197
-49.949, -47, 90.175
-49.91, -47, 90.154
-49.871, -47, 90.133
-49.832, -47, 90.112
-49.793, -47, 90.091
-49.754, -47, 90.069
-49.715, -47, 90.048
-49.676, -47, 90.027
-49.637, -47, 90.006
-49.598, -47, 89.984
-49.559, -47, 89.963
-49.52, -47, 89.942
-49.481, -47, 89.921
-49.442, -47, 89.899
-49.403, -47, 89.878
-49.364, -47, 89.857
-49.325, -47, 89.836
-49.286, -47, 89.814
-49.247, -47, 89.793
-49.208, -47, 89.772
-49.169, -47, 89.751
-49.13, -47, 89.729
-49.091, -47, 89.708
-49.052, -47, 89.687
-49.013, -47, 89.665
-48.974, -47, 89.644
-48.935, -47, 89.623
-48.896, -47, 89.601
-48.857, -47, 89.58
-48.818, -47, 89.559
-48.779, -47, 89.537
-48.74, -47, 89.516
-48.701, -47, 89.495
-48.662, -47, 89.473
-48.623, -47, 89.452
-48.584, -47, 89.431
-48.545, -47, 89.409
-48.506, -47, 89.388
-48.467, -47, 89.366
-48.428, -47, 89.345
-48.389, -47, 89.324
-48.35, -47, 89.302
-48.311, -47, 89.281
-48.272, -47, 89.259
-48.233, -47, 89.238
-48.194, -47, 89.217
-48.155, -47, 89.195
-48.116, -47, 89.174
-48.077, -47, 89.152
-48.038, -47, 89.131
-47.999, -47, 89.109
-47.96, -47, 89.088
-47.921, -47, 89.067
-47.882, -47, 89.045
-47.843, -47, 89.024
-47.804, -47, 89.002
-47.765, -47, 88.981
-47.726, -47, 88.959
-47.687, -47, 88.938
-47.648, -47, 88.916
-47.609, -47, 88.895
-47.57, -47, 88.873
-47.531, -47, 88.852
-47.492, -47, 88.83
-47.453, -47, 88.809
-47.414, -47, 88.787
-47.375, -47, 88.766
-47.336, -47, 88.744
-47.297, -47, 88.723
-47.258, -47, 88.701
-47.219, -47, 88.68
-47.18, -47, 88.658
-47.141, -47, 88.636
-47.102, -47, 88.615
-47.063, -47, 88.593
-47.024, -47, 88.572
-46.985, -47, 88.55
-46.946, -47, 88.529
-46.907, -47, 88.507
-46.868, -47, 88.485
-46.829, -47, 88.464
-46.79, -47, 88.442
-46.751, -47, 88.421
-46.712, -47, 88.399
-46.673, -47, 88.377
-46.634, -47, 88.356
-46.595, -47, 88.334
-46.556, -47, 88.312
-46.517, -47, 88.291
-46.478, -47, 88.269
-46.439, -47, 88.247
-46.4, -47, 88.226
-46.361, -47, 88.204
-46.322, -47, 88.182
-46.283, -47, 88.161
-46.244, -47, 88.139
-46.205, -47, 88.117
-46.166, -47, 88.096
-46.127, -47, 88.074
-46.088, -47, 88.052
-46.049, -47, 88.031
-46.01, -47, 88.009
-45.971, -47, 87.987
-45.932, -47, 87.965
-45.893, -47, 87.944
-45.854, -47, 87.922
-45.815, -47, 87.9
-45.776, -47, 87.879
-45.737, -47, 87.857
-45.698, -47, 87.835
-45.659, -47, 87.813
-45.62, -47, 87.792
-45.581, -47, 87.77
-45.542, -47, 87.748
-45.503, -47, 87.726
-45.464, -47, 87.704
-45.425, -47, 87.683
-45.386, -47, 87.661
-45.347, -47, 87.639
-45.308, -47, 87.617
-45.269, -47, 87.595
-45.23, -47, 87.574
-45.191, -47, 87.552
-45.152, -47, 87.53
-45.113, -47, 87.508
-45.074, -47, 87.486
-45.035, -47, 87.464
-44.996, -47, 87.443
-44.957, -47, 87.421
-44.918, -47, 87.399
-44.879, -47, 87.377
-44.84, -47, 87.355
-44.801, -47, 87.333
-44.762, -47, 87.311
-44.723, -47, 87.289
-44.684, -47, 87.268
-44.645, -47, 87.246
-44.606, -47, 87.224
-44.567, -47, 87.202
-44.528, -47, 87.18
-44.489, -47, 87.158
-44.45, -47, 87.136
-44.411, -47, 87.114
-44.372, -47, 87.092
-44.333, -47, 87.07
-44.294, -47, 87.048
-44.255, -47, 87.026
-44.216, -47, 87.004
-44.177, -47, 86.982
-44.138, -47, 86.96
-44.099, -47, 86.938
-44.06, -47, 86.916
-44.021, -47, 86.894
-43.982, -47, 86.872
-43.943, -47, 86.85
-43.904, -47, 86.828
-43.865, -47, 86.806
-43.826, -47, 86.784
-43.787, -47, 86.762
-43.748, -47, 86.74
-43.709, -47, 86.718
-43.67, -47, 86.696
-43.631, -47, 86.674
-43.592, -47, 86.652
-43.553, -47, 86.63
-43.514, -47, 86.608
-43.475, -47, 86.586
-43.436, -47, 86.564
-43.397, -47, 86.542
-43.358, -47, 86.52
-43.319, -47, 86.498
-43.28, -47, 86.476
-43.241, -47, 86.454
-43.202, -47, 86.431
-43.163, -47, 86.409
-43.124, -47, 86.387
-43.085, -47, 86.365
-43.046, -47, 86.343
-43.007, -47, 86.321
-42.968, -47, 86.299
-42.929, -47, 86.277
-42.89, -47, 86.254
-42.851, -47, 86.232
-42.812, -47, 86.21
-42.773, -47, 86.188
-42.734, -47, 86.166
-42.695, -47, 86.144
-42.656, -47, 86.121
-42.617, -47, 86.099
-42.578, -47, 86.077
-42.539, -47, 86.055
-42.5, -47, 86.033
-42.461, -47, 86.01
-42.422, -47, 85.988
-42.383, -47, 85.966
-42.344, -47, 85.944
-42.305, -47, 85.921
-42.266, -47, 85.899
-42.227, -47, 85.877
-42.188, -47, 85.855
-42.149, -47, 85.832
-42.11, -47, 85.81
-42.071, -47, 85.788
-42.032, -47, 85.766
-41.993, -47, 85.743
-41.954, -47, 85.721
-41.915, -47, 85.699
-41.876, -47, 85.676
-41.837, -47, 85.654
-41.798, -47, 85.632
-41.759, -47, 85.609
-41.72, -47, 85.587
-41.681, -47, 85.565
-41.642, -47, 85.542
-41.603, -47, 85.52
-41.564, -47, 85.498
-41.525, -47, 85.475
-41.486, -47, 85.453
-41.447, -47, 85.431
-41.408, -47, 85.408
-41.369, -47, 85.386
-41.33, -47, 85.364
-41.291, -47, 85.341
-41.252, -47, 85.319
-41.213, -47, 85.296
-41.174, -47, 85.274
-41.135, -47, 85.252
-41.096, -47, 85.229
-41.057, -47, 85.207
-41.018, -47, 85.184
-40.979, -47, 85.162
-40.94, -47, 85.139
-40.901, -47, 85.117
-40.862, -47, 85.094
-40.823, -47, 85.072
-40.784, -47, 85.05
-40.745, -47, 85.027
-40.706, -47, 85.005
-40.667, -47, 84.982
-40.628, -47, 84.96
-40.589, -47, 84.937
-40.55, -47, 84.915
-40.511, -47, 84.892
-40.472, -47, 84.87
-40.433, -47, 84.847
-40.394, -47, 84.825
-40.355, -47, 84.802
-40.316, -47, 84.779
-40.277, -47, 84.757
-40.238, -47, 84.734
-40.199, -47, 84.712
-40.16, -47, 84.689
-40.121, -47, 84.667
-40.082, -47, 84.644
-40.043, -47, 84.622
-40.004, -47, 84.599
-39.965, -47, 84.576
-39.926, -47, 84.554
-39.887, -47, 84.531
-39.848, -47, 84.509
-39.809, -47, 84.486
-39.77, -47, 84.463
-39.731, -47, 84.441
-39.692, -47, 84.418
-39.653, -47, 84.395
-39.614, -47, 84.373
-39.575, -47, 84.35
-39.536, -47, 84.327
-39.497, -47, 84.305
-39.458, -47, 84.282
-39.419, -47, 84.259
-39.38, -47, 84.237
-39.341, -47, 84.214
-39.302, -47, 84.191
-39.263, -47, 84.169
-39.224, -47, 84.146
-39.185, -47, 84.123
-39.146, -47, 84.101
-39.107, -47, 84.078
-39.068, -47, 84.055
-39.029, -47, 84.032
-38.99, -47, 84.01
-38.951, -47, 83.987
-38.912, -47, 83.964
-38.873, -47, 83.941
-38.834, -47, 83.919
-38.795, -47, 83.896
-38.756, -47, 83.873
-38.717, -47, 83.85
-38.678, -47, 83.827
-38.639, -47, 83.805
-38.6, -47, 83.782
-38.561, -47, 83.759
-38.522, -47, 83.736
-38.483, -47, 83.713
-38.444, -47, 83.691
-38.405, -47, 83.668
-38.366, -47, 83.645
-38.327, -47, 83.622
-38.288, -47, 83.599
-38.249, -47, 83.576
-38.21, -47, 83.553
-38.171, -47, 83.531
-38.132, -47, 83.508
-38.093, -47, 83.485
-38.054, -47, 83.462
-38.015, -47, 83.439
-37.976, -47, 83.416
-37.937, -47, 83.393
-37.898, -47, 83.37
-37.859, -47, 83.347
-37.82, -47, 83.324
-37.781, -47, 83.301
-37.742, -47, 83.279
-37.703, -47, 83.256
-37.664, -47, 83.233
-37.625, -47, 83.21
-37.586, -47, 83.187
-37.547, -47, 83.164
-37.508, -47, 83.141
-37.469, -47, 83.118
-37.43, -47, 83.095
-37.391, -47, 83.072
-37.352, -47, 83.049
-37.313, -47, 83.026
-37.274, -47, 83.003
-37.235, -47, 82.98
-37.196, -47, 82.957
-37.157, -47, 82.934
-37.118, -47, 82.911
-37.079, -47, 82.887
-37.04, -47, 82.864
-37.001, -47, 82.841
-36.962, -47, 82.818
-36.923, -47, 82.795
-36.884, -47, 82.772
-36.845, -47, 82.749
-36.806, -47, 82.726
-36.767, -47, 82.703
-36.728, -47, 82.68
-36.689, -47, 82.657
-36.65, -47, 82.633
-36.611, -47, 82.61
-36.572, -47, 82.587
-36.533, -47, 82.564
-36.494, -47, 82.541
-36.455, -47, 82.518
-36.416, -47, 82.495
-36.377, -47, 82.471
-36.338, -47, 82.448
-36.299, -47, 82.425
-36.26, -47, 82.402
-36.221, -47, 82.379
-36.182, -47, 82.356
-36.143, -47, 82.332
-36.104, -47, 82.309
-36.065, -47, 82.286
-36.026, -47, 82.263
-35.987, -47, 82.239
-35.948, -47, 82.216
-35.909, -47, 82.193
-35.87, -47, 82.17
-35.831, -47, 82.146
-35.792, -47, 82.123
-35.753, -47, 82.1
-35.714, -47, 82.077
-35.675, -47, 82.053
-35.636, -47, 82.03
-35.597, -47, 82.007
-35.558, -47, 81.983
-35.519, -47, 81.96
-35.48, -47, 81.937
-35.441, -47, 81.913
-35.402, -47, 81.89
-35.363, -47, 81.867
-35.324, -47, 81.843
-35.285, -47, 81.82
-35.246, -47, 81.797
-35.207, -47, 81.773
-35.168, -47, 81.75
-35.129, -47, 81.727
-35.09, -47, 81.703
-35.051, -47, 81.68
-35.012, -47, 81.656
-34.973, -47, 81.633
-34.934, -47, 81.61
-34.895, -47, 81.586
-34.856, -47, 81.563
-34.817, -47, 81.539
-34.778, -47, 81.516
-34.739, -47, 81.492
-34.7, -47, 81.469
-34.661, -47, 81.446
-34.622, -47, 81.422
-34.583, -47, 81.399
-34.544, -47, 81.375
-34.505, -47, 81.352
-34.466, -47, 81.328
-34.427, -47, 81.305
-34.388, -47, 81.281
-34.349, -47, 81.258
-34.31, -47, 81.234
-34.271, -47, 81.211
-34.232, -47, 81.187
-34.193, -47, 81.163
-34.154, -47, 81.14
-34.115, -47, 81.116
-34.076, -47, 81.093
-34.037, -47, 81.069
-33.998, -47, 81.046
-33.959, -47, 81.022
-33.92, -47, 80.998
-33.881, -47, 80.975
-33.842, -47, 80.951
-33.803, -47, 80.928
-33.764, -47, 80.904
-33.725, -47, 80.88
-33.686, -47, 80.857
-33.647, -47, 80.833
-33.608, -47, 80.81
-33.569, -47, 80.786
-33.53, -47, 80.762
-33.491, -47, 80.739
-33.452, -47, 80.715
-33.413, -47, 80.691
-33.374, -47, 80.667
-33.335, -47, 80.644
-33.296, -47, 80.62
-33.257, -47, 80.596
-33.218, -47, 80.573
-33.179, -47, 80.549
-33.14, -47, 80.525
-33.101, -47, 80.501
-33.062, -47, 80.478
-33.023, -47, 80.454
-32.984, -47, 80.43
-32.945, -47, 80.406
-32.906, -47, 80.383
-32.867, -47, 80.359
-32.828, -47, 80.335
-32.789, -47, 80.311
-32.75, -47, 80.288
-32.711, -47, 80.264
-32.672, -47, 80.24
-32.633, -47, 80.216
-32.594, -47, 80.192
-32.555, -47, 80.168
-32.516, -47, 80.145
-32.477, -47, 80.121
-32.438, -47, 80.097
-32.399, -47, 80.073
-32.36, -47, 80.049
-32.321, -47, 80.025
-32.282, -47, 80.001
-32.243, -47, 79.978
-32.204, -47, 79.954
-32.165, -47, 79.93
-32.126, -47, 79.906
-32.087, -47, 79.882
-32.048, -47, 79.858
-32.009, -47, 79.834
-31.97, -47, 79.81
-31.931, -47, 79.786
-31.892, -47, 79.762
-31.853, -47, 79.738
-31.814, -47, 79.714
-31.775, -47, 79.69
-31.736, -47, 79.666
-31.697, -47, 79.642
-31.658, -47, 79.618
-31.619, -47, 79.594
-31.58, -47, 79.57
-31.541, -47, 79.546
-31.502, -47, 79.522
-31.463, -47, 79.498
-31.424, -47, 79.474
-31.385, -47, 79.45
-31.346, -47, 79.426
-31.307, -47, 79.402
-31.268, -47, 79.378
-31.229, -47, 79.354
-31.19, -47, 79.33
-31.151, -47, 79.306
-31.112, -47, 79.282
-31.073, -47, 79.257
-31.034, -47, 79.233
-30.995, -47, 79.209
-30.956, -47, 79.185
-30.917, -47, 79.161
-30.878, -47, 79.137
-30.839, -47, 79.113
-30.8, -47, 79.089
-30.761, -47, 79.064
-30.722, -47, 79.04
-30.683, -47, 79.016
-30.644, -47, 78.992
-30.605, -47, 78.968
-30.566, -47, 78.943
-30.527, -47, 78.919
-30.488, -47, 78.895
-30.449, -47, 78.871
-30.41, -47, 78.847
-30.371, -47, 78.822
-30.332, -47, 78.798
-30.293, -47, 78.774
-30.254, -47, 78.75
-30.215, -47, 78.725
-30.176, -47, 78.701
-30.137, -47, 78.677
-30.098, -47, 78.652
-30.059, -47, 78.628
-30.02, -47, 78.604
-29.981, -47, 78.579
-29.942, -47, 78.555
-29.903, -47, 78.531
-29.864, -47, 78.506
-29.825, -47, 78.482
-29.786, -47, 78.458
-29.747, -47, 78.433
-29.708, -47, 78.409
-29.669, -47, 78.385
-29.63, -47, 78.36
-29.591, -47, 78.336
-29.552, -47, 78.311
-29.513, -47, 78.287
-29.474, -47, 78.263
-29.435, -47, 78.238
-29.396, -47, 78.214
-29.357, -47, 78.189
-29.318, -47, 78.165
-29.279, -47, 78.14
-29.24, -47, 78.116
-29.201, -47, 78.092
-29.162, -47, 78.067
-29.123, -47, 78.043
-29.084, -47, 78.018
-29.045, -47, 77.994
-29.006, -47, 77.969
-28.967, -47, 77.945
-28.928, -47, 77.92
-28.889, -47, 77.896
-28.85, -47, 77.871
-28.811, -47, 77.846
-28.772, -47, 77.822
-28.733, -47, 77.797
-28.694, -47, 77.773
-28.655, -47, 77.748
-28.616, -47, 77.724
-28.577, -47, 77.699
-28.538, -47, 77.674
-28.499, -47, 77.65
-28.46, -47, 77.625
-28.421, -47, 77.601
-28.382, -47, 77.576
-28.343, -47, 77.551
-28.304, -47, 77.527
-28.265, -47, 77.502
-28.226, -47, 77.477
-28.187, -47, 77.453
-28.148, -47, 77.428
-28.109, -47, 77.403
-28.07, -47, 77.379
-28.031, -47, 77.354
-27.992, -47, 77.329
-27.953, -47, 77.305
-27.914, -47, 77.28
-27.875, -47, 77.255
-27.836, -47, 77.23
-27.797, -47, 77.206
-27.758, -47, 77.181
-27.719, -47, 77.156
-27.68, -47, 77.131
-27.641, -47, 77.106
-27.602, -47, 77.082
-27.563, -47, 77.057
-27.524, -47, 77.032
-27.485, -47, 77.007
-27.446, -47, 76.982
-27.407, -47, 76.958
-27.368, -47, 76.933
-27.329, -47, 76.908
-27.29, -47, 76.883
-27.251, -47, 76.858
-27.212, -47, 76.833
-27.173, -47, 76.809
-27.134, -47, 76.784
-27.095, -47, 76.759
-27.056, -47, 76.734
-27.017, -47, 76.709
-26.978, -47, 76.684
-26.939, -47, 76.659
-26.9, -47, 76.634
-26.861, -47, 76.609
-26.822, -47, 76.584
-26.783, -47, 76.559
-26.744, -47, 76.534
-26.705, -47, 76.509
-26.666, -47, 76.484
-26.627, -47, 76.459
-26.588, -47, 76.434
-26.549, -47, 76.409
-26.51, -47, 76.384
-26.471, -47, 76.359
-26.432, -47, 76.334
-26.393, -47, 76.309
-26.354, -47, 76.284
-26.315, -47, 76.259
-26.276, -47, 76.234
-26.237, -47, 76.209
-26.198, -47, 76.184
-26.159, -47, 76.159
-26.12, -47, 76.134
-26.081, -47, 76.109
-26.042, -47, 76.084
-26.003, -47, 76.058
-25.964, -47, 76.033
-25.925, -47, 76.008
-25.886, -47, 75.983
-25.847, -47, 75.958
-25.808, -47, 75.933
-25.769, -47, 75.908
-25.73, -47, 75.882
-25.691, -47, 75.857
-25.652, -47, 75.832
-25.613, -47, 75.807
-25.574, -47, 75.782
-25.535, -47, 75.756
-25.496, -47, 75.731
-25.457, -47, 75.706
-25.418, -47, 75.681
-25.379, -47, 75.655
-25.34, -47, 75.63
-25.301, -47, 75.605
-25.262, -47, 75.58
-25.223, -47, 75.554
-25.184, -47, 75.529
-25.145, -47, 75.504
-25.106, -47, 75.478
-25.067, -47, 75.453
-25.028, -47, 75.428
-24.989, -47, 75.402
-24.95, -47, 75.377
-24.911, -47, 75.352
-24.872, -47, 75.326
-24.833, -47, 75.301
-24.794, -47, 75.276
-24.755, -47, 75.25
-24.716, -47, 75.225
-24.677, -47, 75.199
-24.638, -47, 75.174
-24.599, -47, 75.148
-24.56, -47, 75.123
-24.521, -47, 75.098
-24.482, -47, 75.072
-24.443, -47, 75.047
-24.404, -47, 75.021
-24.365, -47, 74.996
-24.326, -47, 74.97
-24.287, -47, 74.945
-24.248, -47, 74.919
-24.209, -47, 74.894
-24.17, -47, 74.868
-24.131, -47, 74.843
-24.092, -47, 74.817
-24.053, -47, 74.792
-24.014, -47, 74.766
-23.975, -47, 74.741
-23.936, -47, 74.715
-23.897, -47, 74.689
-23.858, -47, 74.664
-23.819, -47, 74.638
-23.78, -47, 74.613
-23.741, -47, 74.587
-23.702, -47, 74.561
-23.663, -47, 74.536
-23.624, -47, 74.51
-23.585, -47, 74.484
-23.546, -47, 74.459
-23.507, -47, 74.433
-23.468, -47, 74.407
-23.429, -47, 74.382
-23.39, -47, 74.356
-23.351, -47, 74.33
-23.312, -47, 74.305
-23.273, -47, 74.279
-23.234, -47, 74.253
-23.195, -47, 74.227
-23.156, -47, 74.202
-23.117, -47, 74.176
-23.078, -47, 74.15
-23.039, -47, 74.124
-23, -47, 74.099
-22.961, -47, 74.073
-22.922, -47, 74.047
-22.883, -47, 74.021
-22.844, -47, 73.995
-22.805, -47, 73.969
-22.766, -47, 73.944
-22.727, -47, 73.918
-22.688, -47, 73.892
-22.649, -47, 73.866
-22.61, -47, 73.84
-22.571, -47, 73.814
-22.532, -47, 73.788
-22.493, -47, 73.763
-22.454, -47, 73.737
-22.415, -47, 73.711
-22.376, -47, 73.685
-22.337, -47, 73.659
-22.298, -47, 73.633
-22.259, -47, 73.607
-22.22, -47, 73.581
-22.181, -47, 73.555
-22.142, -47, 73.529
-22.103, -47, 73.503
-22.064, -47, 73.477
-22.025, -47, 73.451
-21.986, -47, 73.425
-21.947, -47, 73.399
-21.908, -47, 73.373
-21.869, -47, 73.347
-21.83, -47, 73.321
-21.791, -47, 73.295
-21.752, -47, 73.269
-21.713, -47, 73.243
-21.674, -47, 73.216
-21.635, -47, 73.19
-21.596, -47, 73.164
-21.557, -47, 73.138
-21.518, -47, 73.112
-21.479, -47, 73.086
-21.44, -47, 73.06
-21.401, -47, 73.033
-21.362, -47, 73.007
-21.323, -47, 72.981
-21.284, -47, 72.955
-21.245, -47, 72.929
-21.206, -47, 72.903
-21.167, -47, 72.876
-21.128, -47, 72.85
-21.089, -47, 72.824
-21.05, -47, 72.798
-21.011, -47, 72.771
-20.972, -47, 72.745
-20.933, -47, 72.719
-20.894, -47, 72.693
-20.855, -47, 72.666
-20.816, -47, 72.64
-20.777, -47, 72.614
-20.738, -47, 72.587
-20.699, -47, 72.561
-20.66, -47, 72.535
-20.621, -47, 72.508
-20.582, -47, 72.482
-20.543, -47, 72.456
-20.504, -47, 72.429
-20.465, -47, 72.403
-20.426, -47, 72.376
-20.387, -47, 72.35
-20.348, -47, 72.324
-20.309, -47, 72.297
-20.27, -47, 72.271
-20.231, -47, 72.244
-20.192, -47, 72.218
-20.153, -47, 72.191
-20.114, -47, 72.165
-20.075, -47, 72.138
-20.036, -47, 72.112
-19.997, -47, 72.085
-19.958, -47, 72.059
-19.919, -47, 72.032
-19.88, -47, 72.006
-19.841, -47, 71.979
-19.802, -47, 71.953
-19.763, -47, 71.926
-19.724, -47, 71.9
-19.685, -47, 71.873
-19.646, -47, 71.846
-19.607, -47, 71.82
-19.568, -47, 71.793
-19.529, -47, 71.767
-19.49, -47, 71.74
-19.451, -47, 71.713
-19.412, -47, 71.687
-19.373, -47, 71.66
-19.334, -47, 71.633
-19.295, -47, 71.607
-19.256, -47, 71.58
-19.217, -47, 71.553
-19.178, -47, 71.526
-19.139, -47, 71.5
-19.1, -47, 71.473
-19.061, -47, 71.446
-19.022, -47, 71.42
-18.983, -47, 71.393
-18.944, -47, 71.366
-18.905, -47, 71.339
-18.866, -47, 71.312
-18.827, -47, 71.286
-18.788, -47, 71.259
-18.749, -47, 71.232
-18.71, -47, 71.205
-18.671, -47, 71.178
-18.632, -47, 71.151
-18.593, -47, 71.125
-18.554, -47, 71.098
-18.515, -47, 71.071
-18.476, -47, 71.044
-18.437, -47, 71.017
-18.398, -47, 70.99
-18.359, -47, 70.963
-18.32, -47, 70.936
-18.281, -47, 70.909
-18.242, -47, 70.882
-18.203, -47, 70.855
-18.164, -47, 70.828
-18.125, -47, 70.801
-18.086, -47, 70.774
-18.047, -47, 70.747
-18.008, -47, 70.72
-17.969, -47, 70.693
-17.93, -47, 70.666
-17.891, -47, 70.639
-17.852, -47, 70.612
-17.813, -47, 70.585
-17.774, -47, 70.558
-17.735, -47, 70.531
-17.696, -47, 70.504
-17.657, -47, 70.477
-17.618, -47, 70.45
-17.579, -47, 70.423
-17.54, -47, 70.395
-17.501, -47, 70.368
-17.462, -47, 70.341
-17.423, -47, 70.314
-17.384, -47, 70.287
-17.345, -47, 70.26
-17.306, -47, 70.232
-17.267, -47, 70.205
-17.228, -47, 70.178
-17.189, -47, 70.151
-17.15, -47, 70.123
-17.111, -47, 70.096
-17.072, -47, 70.069
-17.033, -47, 70.042
-16.994, -47, 70.014
-16.955, -47, 69.987
-16.916, -47, 69.96
-16.877, -47, 69.932
-16.838, -47, 69.905
-16.799, -47, 69.878
-16.76, -47, 69.85
-16.721, -47, 69.823
-16.682, -47, 69.796
-16.643, -47, 69.768
-16.604, -47, 69.741
-16.565, -47, 69.713
-16.526, -47, 69.686
-16.487, -47, 69.659
-16.448, -47, 69.631
-16.409, -47, 69.604
-16.37, -47, 69.576
-16.331, -47, 69.549
-16.292, -47, 69.521
-16.253, -47, 69.494
-16.214, -47, 69.466
-16.175, -47, 69.439
-16.136, -47, 69.411
-16.097, -47, 69.384
-16.058, -47, 69.356
-16.019, -47, 69.329
-15.98, -47, 69.301
-15.941, -47, 69.273
-15.902, -47, 69.246
-15.863, -47, 69.218
-15.824, -47, 69.191
-15.785, -47, 69.163
-15.746, -47, 69.135
-15.707, -47, 69.108
-15.668, -47, 69.08
-15.629, -47, 69.052
-15.59, -47, 69.025
-15.551, -47, 68.997
-15.512, -47, 68.969
-15.473, -47, 68.942
-15.434, -47, 68.914
-15.395, -47, 68.886
-15.356, -47, 68.858
-15.317, -47, 68.831
-15.278, -47, 68.803
-15.239, -47, 68.775
-15.2, -47, 68.747
-15.161, -47, 68.72
-15.122, -47, 68.692
-15.083, -47, 68.664
-15.044, -47, 68.636
-15.005, -47, 68.608
-14.966, -47, 68.58
-14.927, -47, 68.552
-14.888, -47, 68.525
-14.849, -47, 68.497
-14.81, -47, 68.469
-14.771, -47, 68.441
-14.732, -47, 68.413
-14.693, -47, 68.385
-14.654, -47, 68.357
-14.615, -47, 68.329
-14.576, -47, 68.301
-14.537, -47, 68.273
-14.498, -47, 68.245
-14.459, -47, 68.217
-14.42, -47, 68.189
-14.381, -47, 68.161
-14.342, -47, 68.133
-14.303, -47, 68.105
-14.264, -47, 68.077
-14.225, -47, 68.049
-14.186, -47, 68.021
-14.147, -47, 67.993
-14.108, -47, 67.965
-14.069, -47, 67.936
-14.03, -47, 67.908
-13.991, -47, 67.88
-13.952, -47, 67.852
-13.913, -47, 67.824
-13.874, -47, 67.796
-13.835, -47, 67.767
-13.796, -47, 67.739
-13.757, -47, 67.711
-13.718, -47, 67.683
-13.679, -47, 67.655
-13.64, -47, 67.626
-13.601, -47, 67.598
-13.562, -47, 67.57
-13.523, -47, 67.541
-13.484, -47, 67.513
-13.445, -47, 67.485
-13.406, -47, 67.457
-13.367, -47, 67.428
-13.328, -47, 67.4
-13.289, -47, 67.371
-13.25, -47, 67.343
-13.211, -47, 67.315
-13.172, -47, 67.286
-13.133, -47, 67.258
-13.094, -47, 67.229
-13.055, -47, 67.201
-13.016, -47, 67.173
-12.977, -47, 67.144
-12.938, -47, 67.116
-12.899, -47, 67.087
-12.86, -47, 67.059
-12.821, -47, 67.03
-12.782, -47, 67.002
-12.743, -47, 66.973
-12.704, -47, 66.945
-12.665, -47, 66.916
-12.626, -47, 66.888
-12.587, -47, 66.859
-12.548, -47, 66.83
-12.509, -47, 66.802
-12.47, -47, 66.773
-12.431, -47, 66.745
-12.392, -47, 66.716
-12.353, -47, 66.687
-12.314, -47, 66.659
-12.275, -47, 66.63
-12.236, -47, 66.601
-12.197, -47, 66.573
-12.158, -47, 66.544
-12.119, -47, 66.515
-12.08, -47, 66.486
-12.041, -47, 66.458
-12.002, -47, 66.429
-11.963, -47, 66.4
-11.924, -47, 66.371
-11.885, -47, 66.342
-11.846, -47, 66.314
-11.807, -47, 66.285
-11.768, -47, 66.256
-11.729, -47, 66.227
-11.69, -47, 66.198
-11.651, -47, 66.169
-11.612, -47, 66.141
-11.573, -47, 66.112
-11.534, -47, 66.083
-11.495, -47, 66.054
-11.456, -47, 66.025
-11.417, -47, 65.996
-11.378, -47, 65.967
-11.339, -47, 65.938
-11.3, -47, 65.909
-11.261, -47, 65.88
-11.222, -47, 65.851
-11.183, -47, 65.822
-11.144, -47, 65.793
-11.105, -47, 65.764
-11.066, -47, 65.735
-11.027, -47, 65.706
-10.988, -47, 65.677
-10.949, -47, 65.648
-10.91, -47, 65.618
-10.871, -47, 65.589
-10.832, -47, 65.56
-10.793, -47, 65.531
-10.754, -47, 65.502
-10.715, -47, 65.473
-10.676, -47, 65.443
-10.637, -47, 65.414
-10.598, -47, 65.385
-10.559, -47, 65.356
-10.52, -47, 65.327
-10.481, -47, 65.297
-10.442, -47, 65.268
-10.403, -47, 65.239
-10.364, -47, 65.209
-10.325, -47, 65.18
-10.286, -47, 65.151
-10.247, -47, 65.121
-10.208, -47, 65.092
-10.169, -47, 65.063
-10.13, -47, 65.033
-10.091, -47, 65.004
-10.052, -47, 64.975
-10.013, -47, 64.945
-9.974, -47, 64.916
-9.935, -47, 64.886
-9.896, -47, 64.857
-9.857, -47, 64.827
-9.818, -47, 64.798
-9.826, -46.965, 64.771
-9.837, -46.928, 64.741
-9.848, -46.89, 64.712
-9.859, -46.853, 64.682
-9.87, -46.815, 64.653
-9.881, -46.778, 64.623
-9.892, -46.741, 64.593
-9.903, -46.703, 64.564
-9.914, -46.666, 64.534
-9.925, -46.628, 64.505
-9.936, -46.591, 64.475
-9.947, -46.554, 64.445
-9.958, -46.516, 64.416
-9.969, -46.479, 64.386
-9.98, -46.441, 64.356
-9.991, -46.404, 64.327
-10.002, -46.366, 64.297
-10.013, -46.329, 64.267
-10.024, -46.292, 64.237
-10.035, -46.254, 64.208
-10.046, -46.217, 64.178
-10.057, -46.179, 64.148
-10.068, -46.142, 64.118
-10.079, -46.105, 64.089
-10.09, -46.067, 64.059
-10.101, -46.03, 64.029
-10.112, -45.992, 63.999
-10.123, -45.955, 63.969
-10.134, -45.918, 63.939
-10.145, -45.88, 63.909
-10.156, -45.843, 63.879
-10.167, -45.805, 63.85
-10.178, -45.768, 63.82
-10.189, -45.73, 63.79
-10.2, -45.693, 63.76
-10.212, -45.656, 63.73
-10.223, -45.618, 63.7
-10.234, -45.581, 63.67
-10.245, -45.543, 63.64
-10.256, -45.506, 63.61
-10.267, -45.469, 63.58
-10.278, -45.431, 63.55
-10.289, -45.394, 63.519
-10.3, -45.356, 63.489
-10.311, -45.319, 63.459
-10.322, -45.282, 63.429
-10.333, -45.244, 63.399
-10.344, -45.207, 63.369
-10.355, -45.169, 63.339
-10.366, -45.132, 63.309
-10.377, -45.095, 63.278
-10.388, -45.057, 63.248
-10.399, -45.02, 63.218
-10.41, -44.982, 63.188
-10.421, -44.945, 63.157
-10.432, -44.907, 63.127
-10.443, -44.87, 63.097
-10.454, -44.833, 63.067
-10.465, -44.795, 63.036
-10.476, -44.758, 63.006
-10.487, -44.72, 62.976
-10.498, -44.683, 62.945
-10.509, -44.646, 62.915
-10.52, -44.608, 62.884
-10.531, -44.571, 62.854
-10.542, -44.533, 62.824
-10.553, -44.496, 62.793
-10.564, -44.459, 62.763
-10.575, -44.421, 62.732
-10.586, -44.384, 62.702
-10.597, -44.346, 62.671
-10.608, -44.309, 62.641
-10.619, -44.271, 62.61
-10.63, -44.234, 62.58
-10.641, -44.197, 62.549
-10.652, -44.159, 62.519
-10.663, -44.122, 62.488
-10.674, -44.084, 62.458
-10.685, -44.047, 62.427
-10.696, -44.01, 62.396
-10.707, -43.972, 62.366
-10.718, -43.935, 62.335
-10.73, -43.897, 62.304
-10.741, -43.86, 62.274
-10.752, -43.823, 62.243
-10.763, -43.785, 62.212
-10.774, -43.748, 62.182
-10.785, -43.71, 62.151
-10.796, -43.673, 62.12
-10.807, -43.636, 62.089
-10.818, -43.598, 62.059
-10.829, -43.561, 62.028
-10.84, -43.523, 61.997
-10.851, -43.486, 61.966
-10.862, -43.448, 61.935
-10.873, -43.411, 61.904
-10.884, -43.374, 61.874
-10.895, -43.336, 61.843
-10.906, -43.299, 61.812
-10.917, -43.261, 61.781
-10.928, -43.224, 61.75
-10.939, -43.187, 61.719
-10.95, -43.149, 61.688
-10.961, -43.112, 61.657
-10.972, -43.074, 61.626
-10.983, -43.037, 61.595
-10.994, -43, 61.564
-11.005, -42.962, 61.533
-11.016, -42.925, 61.502
-11.027, -42.887, 61.471
-11.038, -42.85, 61.44
-11.049, -42.812, 61.409
-11.06, -42.775, 61.377
-11.071, -42.738, 61.346
-11.082, -42.7, 61.315
-11.093, -42.663, 61.284
-11.104, -42.625, 61.253
-11.115, -42.588, 61.221
-11.126, -42.551, 61.19
-11.137, -42.513, 61.159
-11.148, -42.476, 61.128
-11.159, -42.438, 61.097
-11.17, -42.401, 61.065
-11.181, -42.364, 61.034
-11.192, -42.326, 61.003
-11.203, -42.289, 60.971
-11.214, -42.251, 60.94
-11.225, -42.214, 60.909
-11.236, -42.177, 60.877
-11.248, -42.139, 60.846
-11.259, -42.102, 60.814
-11.27, -42.064, 60.783
-11.281, -42.027, 60.751
-11.292, -41.989, 60.72
-11.303, -41.952, 60.689
-11.314, -41.915, 60.657
-11.325, -41.877, 60.626
-11.336, -41.84, 60.594
-11.347, -41.802, 60.562
-11.358, -41.765, 60.531
-11.369, -41.728, 60.499
-11.38, -41.69, 60.468
-11.391, -41.653, 60.436
-11.402, -41.615, 60.404
-11.413, -41.578, 60.373
-11.424, -41.541, 60.341
-11.435, -41.503, 60.309
-11.446, -41.466, 60.278
-11.457, -41.428, 60.246
-11.468, -41.391, 60.214
-11.479, -41.353, 60.183
-11.49, -41.316, 60.151
-11.501, -41.279, 60.119
-11.512, -41.241, 60.087
-11.523, -41.204, 60.055
-11.534, -41.166, 60.024
-11.545, -41.129, 59.992
-11.556, -41.092, 59.96
-11.567, -41.054, 59.928
-11.578, -41.017, 59.896
-11.589, -40.979, 59.864
-11.6, -40.942, 59.832
-11.611, -40.905, 59.8
-11.622, -40.867, 59.768
-11.633, -40.83, 59.736
-11.644, -40.792, 59.704
-11.655, -40.755, 59.672
-11.666, -40.718, 59.64
-11.677, -40.68, 59.608
-11.688, -40.643, 59.576
-11.699, -40.605, 59.544
-11.71, -40.568, 59.512
-11.721, -40.53, 59.48
-11.732, -40.493, 59.448
-11.743, -40.456, 59.416
-11.755, -40.418, 59.383
-11.766, -40.381, 59.351
-11.777, -40.343, 59.319
-11.788, -40.306, 59.287
-11.799, -40.269, 59.255
-11.81, -40.231, 59.222
-11.821, -40.194, 59.19
-11.832, -40.156, 59.158
-11.843, -40.119, 59.125
-11.854, -40.082, 59.093
-11.865, -40.044, 59.061
-11.876, -40.007, 59.028
-11.887, -39.969, 58.996
-11.898, -39.932, 58.964
-11.909, -39.894, 58.931
-11.92, -39.857, 58.899
-11.931, -39.82, 58.866
-11.942, -39.782, 58.834
-11.953, -39.745, 58.801
-11.964, -39.707, 58.769
-11.975, -39.67, 58.736
-11.986, -39.633, 58.704
-11.997, -39.595, 58.671
-12.008, -39.558, 58.639
-12.019, -39.52, 58.606
-12.03, -39.483, 58.573
-12.041, -39.446, 58.541
-12.052, -39.408, 58.508
-12.063, -39.371, 58.475
-12.074, -39.333, 58.443
-12.085, -39.296, 58.41
-12.096, -39.259, 58.377
-12.107, -39.221, 58.345
-12.118, -39.184, 58.312
-12.129, -39.146, 58.279
-12.14, -39.109, 58.246
-12.151, -39.071, 58.213
-12.162, -39.034, 58.181
-12.173, -38.997, 58.148
-12.184, -38.959, 58.115
-12.195, -38.922, 58.082
-12.206, -38.884, 58.049
-12.217, -38.847, 58.016
-12.228, -38.81, 57.983
-12.239, -38.772, 57.95
-12.25, -38.735, 57.917
-12.261, -38.697, 57.884
-12.273, -38.66, 57.851
-12.284, -38.623, 57.818
-12.295, -38.585, 57.785
-12.306, -38.548, 57.752
-12.317, -38.51, 57.719
-12.328, -38.473, 57.686
-12.339, -38.435, 57.653
-12.35, -38.398, 57.62
-12.361, -38.361, 57.586
-12.372, -38.323, 57.553
-12.383, -38.286, 57.52
-12.394, -38.248, 57.487
-12.405, -38.211, 57.453
-12.416, -38.174, 57.42
-12.427, -38.136, 57.387
-12.438, -38.099, 57.354
-12.449, -38.061, 57.32
-12.46, -38.024, 57.287
-12.471, -37.987, 57.254
-12.482, -37.949, 57.22
-12.493, -37.912, 57.187
-12.504, -37.874, 57.153
-12.515, -37.837, 57.12
-12.526, -37.8, 57.086
-12.537, -37.762, 57.053
-12.548, -37.725, 57.019
-12.559, -37.687, 56.986
-12.57, -37.65, 56.952
-12.581, -37.612, 56.919
-12.592, -37.575, 56.885
-12.603, -37.538, 56.852
-12.614, -37.5, 56.818
-12.625, -37.463, 56.784
-12.636, -37.425, 56.751
-12.647, -37.388, 56.717
-12.658, -37.351, 56.683
-12.669, -37.313, 56.65
-12.68, -37.276, 56.616
-12.691, -37.238, 56.582
-12.702, -37.201, 56.548
-12.713, -37.164, 56.514
-12.724, -37.126, 56.481
-12.735, -37.089, 56.447
-12.746, -37.051, 56.413
-12.757, -37.014, 56.379
-12.768, -36.976, 56.345
-12.779, -36.939, 56.311
-12.791, -36.902, 56.277
-12.802, -36.864, 56.243
-12.813, -36.827, 56.209
-12.824, -36.789, 56.175
-12.835, -36.752, 56.141
-12.846, -36.715, 56.107
-12.857, -36.677, 56.073
-12.868, -36.64, 56.039
-12.879, -36.602, 56.005
-12.89, -36.565, 55.971
-12.901, -36.528, 55.937
-12.912, -36.49, 55.902
-12.923, -36.453, 55.868
-12.934, -36.415, 55.834
-12.945, -36.378, 55.8
-12.956, -36.341, 55.766
-12.967, -36.303, 55.731
-12.978, -36.266, 55.697
-12.989, -36.228, 55.663
-13, -36.191, 55.628
-13.011, -36.153, 55.594
-13.022, -36.116, 55.56
-13.033, -36.079, 55.525
-13.044, -36.041, 55.491
-13.055, -36.004, 55.456
-13.066, -35.966, 55.422
-13.077, -35.929, 55.387
-13.088, -35.892, 55.353
-13.099, -35.854, 55.318
-13.11, -35.817, 55.284
-13.121, -35.779, 55.249
-13.132, -35.742, 55.215
-13.143, -35.705, 55.18
-13.154, -35.667, 55.145
-13.165, -35.63, 55.111
-13.176, -35.592, 55.076
-13.187, -35.555, 55.041
-13.198, -35.517, 55.006
-13.209, -35.48, 54.972
-13.22, -35.443, 54.937
-13.231, -35.405, 54.902
-13.242, -35.368, 54.867
-13.253, -35.33, 54.833
-13.264, -35.293, 54.798
-13.275, -35.256, 54.763
-13.286, -35.218, 54.728
-13.297, -35.181, 54.693
-13.309, -35.143, 54.658
-13.32, -35.106, 54.623
-13.331, -35.069, 54.588
-13.342, -35.031, 54.553
-13.353, -34.994, 54.518
-13.364, -34.956, 54.483
-13.375, -34.919, 54.448
-13.386, -34.881, 54.413
-13.397, -34.844, 54.378
-13.408, -34.807, 54.342
-13.419, -34.769, 54.307
-13.43, -34.732, 54.272
-13.441, -34.694, 54.237
-13.452, -34.657, 54.202
-13.463, -34.62, 54.166
-13.474, -34.582, 54.131
-13.485, -34.545, 54.096
-13.496, -34.507, 54.06
-13.507, -34.47, 54.025
-13.518, -34.433, 53.99
-13.529, -34.395, 53.954
-13.54, -34.358, 53.919
-13.551, -34.32, 53.883
-13.562, -34.283, 53.848
-13.573, -34.246, 53.812
-13.584, -34.208, 53.777
-13.595, -34.171, 53.741
-13.606, -34.133, 53.706
-13.617, -34.096, 53.67
-13.628, -34.058, 53.634
-13.639, -34.021, 53.599
-13.65, -33.984, 53.563
-13.661, -33.946, 53.527
-13.672, -33.909, 53.492
-13.683, -33.871, 53.456
-13.694, -33.834, 53.42
-13.705, -33.797, 53.384
-13.716, -33.759, 53.349
-13.727, -33.722, 53.313
-13.738, -33.684, 53.277
-13.749, -33.647, 53.241
-13.76, -33.61, 53.205
-13.771, -33.572, 53.169
-13.782, -33.535, 53.133
-13.793, -33.497, 53.097
-13.804, -33.46, 53.061
-13.815, -33.422, 53.025
-13.827, -33.385, 52.989
-13.838, -33.348, 52.953
-13.849, -33.31, 52.917
-13.86, -33.273, 52.881
-13.871, -33.235, 52.845
-13.882, -33.198, 52.809
-13.893, -33.161, 52.772
-13.904, -33.123, 52.736
-13.915, -33.086, 52.7
-13.926, -33.048, 52.664
-13.937, -33.011, 52.627
-13.948, -32.974, 52.591
-13.959, -32.936, 52.555
-13.97, -32.899, 52.518
-13.981, -32.861, 52.482
-13.992, -32.824, 52.445
-14.003, -32.787, 52.409
-14.014, -32.749, 52.373
-14.025, -32.712, 52.336
-14.036, -32.674, 52.3
-14.047, -32.637, 52.263
-14.058, -32.599, 52.226
-14.069, -32.562, 52.19
-14.08, -32.525, 52.153
-14.091, -32.487, 52.117
-14.102, -32.45, 52.08
-14.113, -32.412, 52.043
-14.124, -32.375, 52.006
-14.135, -32.338, 51.97
-14.146, -32.3, 51.933
-14.157, -32.263, 51.896
-14.168, -32.225, 51.859
-14.179, -32.188, 51.822
-14.19, -32.151, 51.785
-14.201, -32.113, 51.749
-14.212, -32.076, 51.712
-14.223, -32.038, 51.675
-14.234, -32.001, 51.638
-14.245, -31.963, 51.601
-14.256, -31.926, 51.564
-14.267, -31.889, 51.526
-14.278, -31.851, 51.489
-14.289, -31.814, 51.452
-14.3, -31.776, 51.415
-14.311, -31.739, 51.378
-14.322, -31.702, 51.341
-14.333, -31.664, 51.303
-14.345, -31.627, 51.266
-14.356, -31.589, 51.229
-14.367, -31.552, 51.192
-14.378, -31.515, 51.154
-14.389, -31.477, 51.117
-14.4, -31.44, 51.08
-14.411, -31.402, 51.042
-14.422, -31.365, 51.005
-14.433, -31.328, 50.967
-14.444, -31.29, 50.93
-14.455, -31.253, 50.892
-14.466, -31.215, 50.855
-14.477, -31.178, 50.817
-14.488, -31.14, 50.779
-14.499, -31.103, 50.742
-14.51, -31.066, 50.704
-14.521, -31.028, 50.666
-14.532, -30.991, 50.629
-14.543, -30.953, 50.591
-14.554, -30.916, 50.553
-14.565, -30.879, 50.515
-14.576, -30.841, 50.477
-14.587, -30.804, 50.439
-14.598, -30.766, 50.402
-14.609, -30.729, 50.364
-14.62, -30.692, 50.326
-14.631, -30.654, 50.288
-14.642, -30.617, 50.25
-14.653, -30.579, 50.212
-14.664, -30.542, 50.174
-14.675, -30.504, 50.135
-14.686, -30.467, 50.097
-14.697, -30.43, 50.059
-14.708, -30.392, 50.021
-14.719, -30.355, 49.983
-14.73, -30.317, 49.945
-14.741, -30.28, 49.906
-14.752, -30.243, 49.868
-14.763, -30.205, 49.83
-14.774, -30.168, 49.791
-14.785, -30.13, 49.753
-14.796, -30.093, 49.714
-14.807, -30.056, 49.676
-14.818, -30.018, 49.637
-14.829, -29.981, 49.599
-14.84, -29.943, 49.56
-14.851, -29.906, 49.522
-14.863, -29.869, 49.483
-14.874, -29.831, 49.445
-14.885, -29.794, 49.406
-14.896, -29.756, 49.367
-14.907, -29.719, 49.329
-14.918, -29.681, 49.29
-14.929, -29.644, 49.251
-14.94, -29.607, 49.212
-14.951, -29.569, 49.173
-14.962, -29.532, 49.134
-14.973, -29.494, 49.096
-14.984, -29.457, 49.057
-14.995, -29.42, 49.018
-15.006, -29.382, 48.979
-15.017, -29.345, 48.94
-15.028, -29.307, 48.901
-15.039, -29.27, 48.861
-15.05, -29.233, 48.822
-15.061, -29.195, 48.783
-15.072, -29.158, 48.744
-15.083, -29.12, 48.705
-15.094, -29.083, 48.665
-15.105, -29.045, 48.626
-15.116, -29.008, 48.587
-15.127, -28.971, 48.548
-15.138, -28.933, 48.508
-15.149, -28.896, 48.469
-15.16, -28.858, 48.429
-15.171, -28.821, 48.39
-15.182, -28.784, 48.35
-15.193, -28.746, 48.311
-15.204, -28.709, 48.271
-15.215, -28.671, 48.232
-15.226, -28.634, 48.192
-15.237, -28.597, 48.152
-15.248, -28.559, 48.113
-15.259, -28.522, 48.073
-15.27, -28.484, 48.033
-15.281, -28.447, 47.993
-15.292, -28.41, 47.953
-15.303, -28.372, 47.914
-15.314, -28.335, 47.874
-15.325, -28.297, 47.834
-15.336, -28.26, 47.794
-15.347, -28.222, 47.754
-15.358, -28.185, 47.714
-15.37, -28.148, 47.674
-15.381, -28.11, 47.634
-15.392, -28.073, 47.593
-15.403, -28.035, 47.553
-15.414, -27.998, 47.513
-15.425, -27.961, 47.473
-15.436, -27.923, 47.433
-15.447, -27.886, 47.392
-15.458, -27.848, 47.352
-15.469, -27.811, 47.312
-15.48, -27.774, 47.271
-15.491, -27.736, 47.231
-15.502, -27.699, 47.19
-15.513, -27.661, 47.15
-15.524, -27.624, 47.109
-15.535, -27.586, 47.069
-15.546, -27.549, 47.028
-15.557, -27.512, 46.987
-15.568, -27.474, 46.947
-15.579, -27.437, 46.906
-15.59, -27.399, 46.865
-15.601, -27.362, 46.824
-15.612, -27.325, 46.784
-15.623, -27.287, 46.743
-15.634, -27.25, 46.702
-15.645, -27.212, 46.661
-15.656, -27.175, 46.62
-15.667, -27.138, 46.579
-15.678, -27.1, 46.538
-15.689, -27.063, 46.497
-15.7, -27.025, 46.456
-15.711, -26.988, 46.414
-15.722, -26.951, 46.373
-15.733, -26.913, 46.332
-15.744, -26.876, 46.291
-15.755, -26.838, 46.249
-15.766, -26.801, 46.208
-15.777, -26.763, 46.167
-15.788, -26.726, 46.125
-15.799, -26.689, 46.084
-15.81, -26.651, 46.042
-15.821, -26.614, 46.001
-15.832, -26.576, 45.959
-15.843, -26.539, 45.918
-15.854, -26.502, 45.876
-15.865, -26.464, 45.834
-15.876, -26.427, 45.793
-15.888, -26.389, 45.751
-15.899, -26.352, 45.709
-15.91, -26.315, 45.667
-15.921, -26.277, 45.625
-15.932, -26.24, 45.584
-15.943, -26.202, 45.542
-15.954, -26.165, 45.5
-15.965, -26.127, 45.458
-15.976, -26.09, 45.416
-15.987, -26.053, 45.373
-15.998, -26.015, 45.331
-16.009, -25.978, 45.289
-16.02, -25.94, 45.247
-16.031, -25.903, 45.205
-16.042, -25.866, 45.162
-16.053, -25.828, 45.12
-16.064, -25.791, 45.078
-16.075, -25.753, 45.035
-16.086, -25.716, 44.993
-16.097, -25.679, 44.95
-16.108, -25.641, 44.908
-16.119, -25.604, 44.865
-16.13, -25.566, 44.823
-16.141, -25.529, 44.78
-16.152, -25.492, 44.737
-16.163, -25.454, 44.694
-16.174, -25.417, 44.652
-16.185, -25.379, 44.609
-16.196, -25.342, 44.566
-16.207, -25.304, 44.523
-16.218, -25.267, 44.48
-16.229, -25.23, 44.437
-16.24, -25.192, 44.394
-16.251, -25.155, 44.351
-16.262, -25.117, 44.308
-16.273, -25.08, 44.265
-16.284, -25.043, 44.222
-16.295, -25.005, 44.178
-16.306, -24.968, 44.135
-16.317, -24.93, 44.092
-16.328, -24.893, 44.048
-16.339, -24.856, 44.005
-16.35, -24.818, 43.962
-16.361, -24.781, 43.918
-16.372, -24.743, 43.875
-16.383, -24.706, 43.831
-16.394, -24.668, 43.787
-16.406, -24.631, 43.744
-16.417, -24.594, 43.7
-16.428, -24.556, 43.656
-16.439, -24.519, 43.612
-16.45, -24.481, 43.569
-16.461, -24.444, 43.525
-16.472, -24.407, 43.481
-16.483, -24.369, 43.437
-16.494, -24.332, 43.393
-16.505, -24.294, 43.349
-16.516, -24.257, 43.305
-16.527, -24.22, 43.26
-16.538, -24.182, 43.216
-16.549, -24.145, 43.172
-16.56, -24.107, 43.128
-16.571, -24.07, 43.083
-16.582, -24.033, 43.039
-16.593, -23.995, 42.995
-16.604, -23.958, 42.95
-16.615, -23.92, 42.906
-16.626, -23.883, 42.861
-16.637, -23.845, 42.816
-16.648, -23.808, 42.772
-16.659, -23.771, 42.727
-16.67, -23.733, 42.682
-16.681, -23.696, 42.638
-16.692, -23.658, 42.593
-16.703, -23.621, 42.548
-16.714, -23.584, 42.503
-16.725, -23.546, 42.458
-16.736, -23.509, 42.413
-16.747, -23.471, 42.368
-16.758, -23.434, 42.323
-16.769, -23.397, 42.277
-16.78, -23.359, 42.232
-16.791, -23.322, 42.187
-16.802, -23.284, 42.142
-16.813, -23.247, 42.096
-16.824, -23.209, 42.051
-16.835, -23.172, 42.005
-16.846, -23.135, 41.96
-16.857, -23.097, 41.914
-16.868, -23.06, 41.869
-16.879, -23.022, 41.823
-16.89, -22.985, 41.777
-16.901, -22.948, 41.732
-16.912, -22.91, 41.686
-16.924, -22.873, 41.64
-16.935, -22.835, 41.594
-16.946, -22.798, 41.548
-16.957, -22.761, 41.502
-16.968, -22.723, 41.456
-16.979, -22.686, 41.41
-16.99, -22.648, 41.364
-17.001, -22.611, 41.317
-17.012, -22.574, 41.271
-17.023, -22.536, 41.225
-17.034, -22.499, 41.178
-17.045, -22.461, 41.132
-17.056, -22.424, 41.085
-17.067, -22.386, 41.039
-17.078, -22.349, 40.992
-17.089, -22.312, 40.946
-17.1, -22.274, 40.899
-17.111, -22.237, 40.852
-17.122, -22.199, 40.805
-17.133, -22.162, 40.759
-17.144, -22.125, 40.712
-17.155, -22.087, 40.665
-17.166, -22.05, 40.618
-17.177, -22.012, 40.571
-17.188, -21.975, 40.523
-17.199, -21.938, 40.476
-17.21, -21.9, 40.429
-17.221, -21.863, 40.382
-17.232, -21.825, 40.334
-17.243, -21.788, 40.287
-17.254, -21.75, 40.24
-17.265, -21.713, 40.192
-17.276, -21.676, 40.144
-17.287, -21.638, 40.097
-17.298, -21.601, 40.049
-17.309, -21.563, 40.001
-17.32, -21.526, 39.954
-17.331, -21.489, 39.906
-17.342, -21.451, 39.858
-17.353, -21.414, 39.81
-17.364, -21.376, 39.762
-17.375, -21.339, 39.714
-17.386, -21.302, 39.666
-17.397, -21.264, 39.617
-17.408, -21.227, 39.569
-17.419, -21.189, 39.521
-17.43, -21.152, 39.472
-17.442, -21.115, 39.424
-17.453, -21.077, 39.375
-17.464, -21.04, 39.327
-17.475, -21.002, 39.278
-17.486, -20.965, 39.23
-17.497, -20.927, 39.181
-17.508, -20.89, 39.132
-17.519, -20.853, 39.083
-17.53, -20.815, 39.034
-17.541, -20.778, 38.985
-17.552, -20.74, 38.936
-17.563, -20.703, 38.887
-17.574, -20.666, 38.838
-17.585, -20.628, 38.789
-17.596, -20.591, 38.739
-17.607, -20.553, 38.69
-17.618, -20.516, 38.641
-17.629, -20.479, 38.591
-17.64, -20.441, 38.542
-17.651, -20.404, 38.492
-17.662, -20.366, 38.442
-17.673, -20.329, 38.392
-17.684, -20.291, 38.343
-17.695, -20.254, 38.293
-17.706, -20.217, 38.243
-17.717, -20.179, 38.193
-17.728, -20.142, 38.143
-17.739, -20.104, 38.093
-17.75, -20.067, 38.042
-17.761, -20.03, 37.992
-17.772, -19.992, 37.942
-17.783, -19.955, 37.891
-17.794, -19.917, 37.841
-17.805, -19.88, 37.79
-17.816, -19.843, 37.74
-17.827, -19.805, 37.689
-17.838, -19.768, 37.638
-17.849, -19.73, 37.588
-17.86, -19.693, 37.537
-17.871, -19.656, 37.486
-17.882, -19.618, 37.435
-17.893, -19.581, 37.384
-17.904, -19.543, 37.333
-17.915, -19.506, 37.281
-17.926, -19.468, 37.23
-17.937, -19.431, 37.179
-17.948, -19.394, 37.127
-17.96, -19.356, 37.076
-17.971, -19.319, 37.024
-17.982, -19.281, 36.973
-17.993, -19.244, 36.921
-18.004, -19.207, 36.869
-18.015, -19.169, 36.817
-18.026, -19.132, 36.765
-18.037, -19.094, 36.713
-18.048, -19.057, 36.661
-18.059, -19.02, 36.609
-18.07, -18.982, 36.557
-18.081, -18.945, 36.504
-18.092, -18.907, 36.452
-18.103, -18.87, 36.4
-18.114, -18.832, 36.347
-18.125, -18.795, 36.294
-18.136, -18.758, 36.242
-18.147, -18.72, 36.189
-18.158, -18.683, 36.136
-18.169, -18.645, 36.083
-18.18, -18.608, 36.03
-18.191, -18.571, 35.977
-18.202, -18.533, 35.924
-18.213, -18.496, 35.871
-18.224, -18.458, 35.817
-18.235, -18.421, 35.764
-18.246, -18.384, 35.71
-18.257, -18.346, 35.657
-18.268, -18.309, 35.603
-18.279, -18.271, 35.55
-18.29, -18.234, 35.496
-18.301, -18.197, 35.442
-18.312, -18.159, 35.388
-18.323, -18.122, 35.334
-18.334, -18.084, 35.28
-18.345, -18.047, 35.226
-18.356, -18.009, 35.171
-18.367, -17.972, 35.117
-18.378, -17.935, 35.062
-18.389, -17.897, 35.008
-18.4, -17.86, 34.953
-18.411, -17.822, 34.899
-18.422, -17.785, 34.844
-18.433, -17.748, 34.789
-18.444, -17.71, 34.734
-18.455, -17.673, 34.679
-18.466, -17.635, 34.624
-18.478, -17.598, 34.568
-18.489, -17.561, 34.513
-18.5, -17.523, 34.458
-18.511, -17.486, 34.402
-18.522, -17.448, 34.347
-18.533, -17.411, 34.291
-18.544, -17.373, 34.235
-18.555, -17.336, 34.179
-18.566, -17.299, 34.123
-18.577, -17.261, 34.067
-18.588, -17.224, 34.011
-18.599, -17.186, 33.955
-18.61, -17.149, 33.899
-18.621, -17.112, 33.842
-18.632, -17.074, 33.786
-18.643, -17.037, 33.729
-18.654, -16.999, 33.672
-18.665, -16.962, 33.616
-18.676, -16.925, 33.559
-18.687, -16.887, 33.502
-18.698, -16.85, 33.445
-18.709, -16.812, 33.387
-18.72, -16.775, 33.33
-18.731, -16.738, 33.273
-18.742, -16.7, 33.215
-18.753, -16.663, 33.158
-18.764, -16.625, 33.1
-18.775, -16.588, 33.042
-18.786, -16.55, 32.984
-18.797, -16.513, 32.926
-18.808, -16.476, 32.868
-18.819, -16.438, 32.81
-18.83, -16.401, 32.752
-18.841, -16.363, 32.693
-18.852, -16.326, 32.635
-18.863, -16.289, 32.576
-18.874, -16.251, 32.517
-18.885, -16.214, 32.459
-18.896, -16.176, 32.4
-18.907, -16.139, 32.341
-18.918, -16.102, 32.282
-18.929, -16.064, 32.222
-18.94, -16.027, 32.163
-18.951, -15.989, 32.103
-18.962, -15.952, 32.044
-18.973, -15.914, 31.984
-18.985, -15.877, 31.924
-18.996, -15.84, 31.864
-19.007, -15.802, 31.804
-19.018, -15.765, 31.744
-19.029, -15.727, 31.684
-19.04, -15.69, 31.624
-19.051, -15.653, 31.563
-19.062, -15.615, 31.503
-19.073, -15.578, 31.442
-19.084, -15.54, 31.381
-19.095, -15.503, 31.32
-19.106, -15.466, 31.259
-19.117, -15.428, 31.198
-19.128, -15.391, 31.136
-19.139, -15.353, 31.075
-19.15, -15.316, 31.013
-19.161, -15.279, 30.952
-19.172, -15.241, 30.89
-19.183, -15.204, 30.828
-19.194, -15.166, 30.766
-19.205, -15.129, 30.704
-19.216, -15.091, 30.642
-19.227, -15.054, 30.579
-19.238, -15.017, 30.517
-19.249, -14.979, 30.454
-19.26, -14.942, 30.391
-19.271, -14.904, 30.328
-19.282, -14.867, 30.265
-19.293, -14.83, 30.202
-19.304, -14.792, 30.138
-19.315, -14.755, 30.075
-19.326, -14.717, 30.011
-19.337, -14.68, 29.948
-19.348, -14.643, 29.884
-19.359, -14.605, 29.82
-19.37, -14.568, 29.756
-19.381, -14.53, 29.691
-19.392, -14.493, 29.627
-19.403, -14.455, 29.562
-19.414, -14.418, 29.498
-19.425, -14.381, 29.433
-19.436, -14.343, 29.368
-19.447, -14.306, 29.303
-19.458, -14.268, 29.237
-19.469, -14.231, 29.172
-19.48, -14.194, 29.106
-19.491, -14.156, 29.041
-19.503, -14.119, 28.975
-19.514, -14.081, 28.909
-19.525, -14.044, 28.842
-19.536, -14.007, 28.776
-19.547, -13.969, 28.71
-19.558, -13.932, 28.643
-19.569, -13.894, 28.576
-19.58, -13.857, 28.509
-19.591, -13.82, 28.442
-19.602, -13.782, 28.375
-19.613, -13.745, 28.307
-19.624, -13.707, 28.24
-19.635, -13.67, 28.172
-19.646, -13.632, 28.104
-19.657, -13.595, 28.036
-19.668, -13.558, 27.968
-19.679, -13.52, 27.899
-19.69, -13.483, 27.831
-19.701, -13.445, 27.762
-19.712, -13.408, 27.693
-19.723, -13.371, 27.624
-19.734, -13.333, 27.555
-19.745, -13.296, 27.485
-19.756, -13.258, 27.416
-19.767, -13.221, 27.346
-19.778, -13.184, 27.276
-19.789, -13.146, 27.206
-19.8, -13.109, 27.136
-19.811, -13.071, 27.065
-19.822, -13.034, 26.994
-19.833, -12.996, 26.923
-19.844, -12.959, 26.852
-19.855, -12.922, 26.781
-19.866, -12.884, 26.71
-19.877, -12.847, 26.638
-19.888, -12.809, 26.566
-19.899, -12.772, 26.494
-19.91, -12.735, 26.422
-19.921, -12.697, 26.349
-19.932, -12.66, 26.277
-19.943, -12.622, 26.204
-19.954, -12.585, 26.131
-19.965, -12.548, 26.058
-19.976, -12.51, 25.984
-19.987, -12.473, 25.911
-19.998, -12.435, 25.837
-20.009, -12.398, 25.763
-20.021, -12.361, 25.688
-20.032, -12.323, 25.614
-20.043, -12.286, 25.539
-20.054, -12.248, 25.464
-20.065, -12.211, 25.389
-20.076, -12.173, 25.314
-20.087, -12.136, 25.238
-20.098, -12.099, 25.162
-20.109, -12.061, 25.086
-20.12, -12.024, 25.01
-20.131, -11.986, 24.933
-20.142, -11.949, 24.857
-20.153, -11.912, 24.78
-20.164, -11.874, 24.702
-20.175, -11.837, 24.625
-20.186, -11.799, 24.547
-20.197, -11.762, 24.469
-20.208, -11.725, 24.391
-20.219, -11.687, 24.313
-20.23, -11.65, 24.234
-20.241, -11.612, 24.155
-20.252, -11.575, 24.076
-20.263, -11.537, 23.996
-20.274, -11.5, 23.916
-20.285, -11.463, 23.836
-20.296, -11.425, 23.756
-20.307, -11.388, 23.675
-20.318, -11.35, 23.595
-20.329, -11.313, 23.513
-20.34, -11.276, 23.432
-20.351, -11.238, 23.35
-20.362, -11.201, 23.268
-20.373, -11.163, 23.186
-20.384, -11.126, 23.103
-20.395, -11.089, 23.021
-20.406, -11.051, 22.937
-20.417, -11.014, 22.854
-20.428, -10.976, 22.77
-20.439, -10.939, 22.686
-20.45, -10.902, 22.602
-20.461, -10.864, 22.517
-20.472, -10.827, 22.432
-20.483, -10.789, 22.347
-20.494, -10.752, 22.261
-20.505, -10.714, 22.175
-20.516, -10.677, 22.089
-20.527, -10.64, 22.002
-20.539, -10.602, 21.915
-20.55, -10.565, 21.828
-20.561, -10.527, 21.74
-20.572, -10.49, 21.652
-20.583, -10.453, 21.563
-20.594, -10.415, 21.474
-20.605, -10.378, 21.385
-20.616, -10.34, 21.296
-20.627, -10.303, 21.206
-20.638, -10.266, 21.115
-20.649, -10.228, 21.025
-20.66, -10.191, 20.934
-20.671, -10.153, 20.842
-20.682, -10.116, 20.75
-20.693, -10.078, 20.658
-20.704, -10.041, 20.565
-20.715, -10.004, 20.472
-20.726, -9.966, 20.379
-20.737, -9.929, 20.285
-20.748, -9.891, 20.19
-20.759, -9.854, 20.095
-20.77, -9.817, 20
-20.778, -9.79, 0
-20.778, -9.79, 0
-26.43, 9.395, 0
endData
49
127
200
-62, -47, -45.184, -47, -45.184, -47, -28.367, -47
-28.367, -47, -19.091, -47, -19.091, -47, -9.815, -47
-9.815, -47, -15.297, -28.395, -15.297, -28.395, -20.778, -9.79
#PATH.JERRYIO-DATA {"appVersion":"0.8.3","format":"LemLib v0.5","gc":{"robotWidth":18,"robotHeight":16,"robotIsHolonomic":false,"showRobot":true,"uol":2.54,"pointDensity":0.039,"controlMagnetDistance":1.968503937007874,"fieldImage":{"displayName":"V5RC 2025 - High Stakes","signature":"V5RC 2025 - High Stakes","origin":{"__type":"built-in"}},"coordinateSystem":"VEX Gaming Positioning System"},"paths":[{"segments":[{"controls":[{"uid":"GLT24OPLWJ","x":-62,"y":-47,"lock":false,"visible":true,"heading":0,"__type":"end-point"},{"uid":"2NowA1M6Ak","x":-28.367023834117322,"y":-47,"lock":false,"visible":true,"heading":0,"__type":"end-point"}],"speedProfiles":[],"lookaheadKeyframes":[],"uid":"7ioqHePyWt"},{"controls":[{"uid":"2NowA1M6Ak","x":-28.367023834117322,"y":-47,"lock":false,"visible":true,"heading":0,"__type":"end-point"},{"uid":"x67kEFpJnr","x":-9.815462468166636,"y":-47,"lock":false,"visible":true,"heading":0,"__type":"end-point"}],"speedProfiles":[],"lookaheadKeyframes":[],"uid":"eWJsclqyzN"},{"controls":[{"uid":"x67kEFpJnr","x":-9.815462468166636,"y":-47,"lock":false,"visible":true,"heading":0,"__type":"end-point"},{"uid":"nIK8yCM7fw","x":-20.77774872986477,"y":-9.790164884485794,"lock":false,"visible":true,"heading":0,"__type":"end-point"}],"speedProfiles":[],"lookaheadKeyframes":[],"uid":"Xi6qNXmPS9"}],"pc":{"speedLimit":{"minLimit":{"value":0,"label":"0"},"maxLimit":{"value":127,"label":"127"},"step":1,"from":20,"to":127},"bentRateApplicableRange":{"minLimit":{"value":0,"label":"0"},"maxLimit":{"value":1,"label":"1"},"step":0.001,"from":0,"to":0.1},"maxDecelerationRate":49},"name":"Path","uid":"ghVQArn4mM","lock":false,"visible":true}]}